date_time,id,box
2020-04-26 20:58:04,00068E1A0D,K231
2020-04-26 20:59:50,00078850FB,K231
2020-04-26 21:01:43,00075D1338,K231
2020-04-26 21:02:07,0007AC4999,K231
2020-04-26 21:02:54,00074F238E,K231
2020-04-26 21:04:56,00074BE89B,K231
2020-04-26 21:06:11,00071DF6AA,K231
2020-04-26 21:08:25,00074F4107,K231
2020-04-26 21:08:29,00075D2562,K231
2020-04-26 21:08:42,000786B5F7,K231
2020-04-26 21:09:56,0007ABEDDE,K231
2020-04-26 21:10:00,0006B35440,K231
2020-04-26 21:10:55,00071E101F,K231
2020-04-26 21:11:09,0006B294D3,K231
2020-04-26 21:11:13,00075D1E39,K231
2020-04-26 21:12:29,000770D8F5,K231
2020-04-26 21:12:30,00075D110D,K231
2020-04-27 04:43:21,0006B294D3,K231
2020-04-27 04:44:24,00068E1A0D,K231
2020-04-27 04:44:41,00075D1338,K231
2020-04-27 04:45:56,0007ABEDDE,K231
2020-04-27 04:46:17,0007AC4999,K231
2020-04-27 04:47:53,00074BE89B,K231
2020-04-27 04:48:40,000770D8F5,K231
2020-04-27 04:49:38,000786B5F7,K231
2020-04-27 04:50:21,00074F4107,K231
2020-04-27 04:51:22,00074FA4F8,K231
2020-04-27 04:52:05,00075D1E39,K231
2020-04-27 04:52:38,00071E101F,K231
2020-04-27 04:53:50,00075D110D,K231
2020-04-27 04:56:57,0007ACA1CE,K231
2020-04-27 05:00:03,00074F238E,K231
2020-04-27 05:05:50,00075D2562,K231
2020-04-27 05:10:07,0006B35440,K231
2020-04-27 21:01:07,00074F4107,K231
2020-04-27 21:01:35,00068E1A0D,K231
2020-04-27 21:01:44,00075D8712,K231
2020-04-27 21:04:05,00071DF6AA,K231
2020-04-27 21:04:28,00075D2562,K231
2020-04-27 21:04:41,00074F238E,K231
2020-04-27 21:05:00,0007AC4999,K231
2020-04-27 21:05:49,00078850FB,K231
2020-04-27 21:06:44,00074FA4F8,K231
2020-04-27 21:06:55,0007ABEDDE,K231
2020-04-27 21:11:37,0007ACA1CE,K231
2020-04-27 21:11:46,00071E101F,K231
2020-04-27 21:11:51,00074BE89B,K231
2020-04-27 21:12:08,000786B5F7,K231
2020-04-27 21:12:25,0006B35440,K231
2020-04-27 21:12:47,00075D110D,K231
2020-04-27 21:13:31,00075D1338,K231
2020-04-27 21:13:45,00075D1E39,K231
2020-04-27 21:13:55,0006B294D3,K231
2020-04-27 21:14:59,000770D8F5,K231
2020-04-28 05:02:10,0006B294D3,K231
2020-04-28 05:03:30,00075D8712,K231
2020-04-28 05:05:38,00074F4107,K231
2020-04-28 05:16:00,00068E1A0D,K231
2020-04-28 05:17:09,00075D2562,K231
2020-04-28 21:06:58,00075D2562,K231
2020-04-28 21:07:27,00071DF6AA,K231
2020-04-28 21:09:08,00068E1A0D,K231
2020-04-28 21:12:07,00071E101F,K231
2020-04-28 21:16:54,0006B294D3,K231
2020-04-28 21:17:03,00075D8712,K231
2020-04-28 21:17:36,00074F4107,K231
2020-04-28 21:19:17,00075D110D,K231
2020-04-28 21:19:38,00075D1338,K231
2020-04-29 00:39:08,0006B294D3,K231
2020-06-05 11:17:04,0006CC23D6,K109
2020-06-05 22:53:34,00075D110D,K109
2020-06-05 22:54:09,0007ACA1CE,K109
2020-06-05 23:01:26,00075D8712,K109
2020-06-05 23:05:45,00074FA4F8,K109
2020-06-05 23:06:10,00071E101F,K109
2020-06-05 23:06:27,0007AC4999,K109
2020-06-05 23:07:04,00074F4107,K109
2020-06-05 23:23:55,00074F238E,K109
2020-06-05 23:26:53,00068E1A0D,K109
2020-06-05 23:35:06,000770D8F5,K109
2020-06-05 23:51:56,00068E1A0D,K109
2020-06-06 03:01:35,00074FA4F8,K109
2020-06-06 04:30:34,00074FA4F8,K109
2020-06-06 21:50:37,00075D8712,K109
2020-06-06 21:50:57,00074F4107,K109
2020-06-07 02:16:26,0006B35440,K109
2020-06-07 03:15:40,0006B35440,K109
2020-06-07 03:16:15,00068E1A0D,K109
2020-06-07 03:24:16,000770D8F5,K109
2020-06-07 03:29:39,0007ABEDDE,K109
2020-06-07 03:32:01,00068E1A0D,K109
2020-06-07 03:33:42,0006B35440,K109
2020-06-07 03:51:05,00078850FB,K109
2020-06-07 04:05:37,00075D1338,K109
2020-06-07 04:06:44,0007ACA1CE,K109
2020-06-07 04:06:59,00075D110D,K109
2020-06-07 04:19:15,00075D2562,K109
2020-06-07 04:25:28,0007AC4999,K109
2020-06-07 04:31:40,000770D8F5,K109
2020-06-07 21:59:36,0007ABEDDE,K109
2020-06-07 21:59:53,00074BE89B,K109
2020-06-07 22:03:29,00075D1338,K109
2020-06-07 22:04:24,00074F4107,K109
2020-06-07 22:05:19,00068E1A0D,K109
2020-06-07 22:05:43,00075D2562,K109
2020-06-07 22:06:39,0007ACA1CE,K109
2020-06-07 22:06:49,00075D1E39,K109
2020-06-07 22:11:46,00071E101F,K109
2020-06-07 22:11:54,00075D110D,K109
2020-06-07 22:13:54,00074F238E,K109
2020-06-07 22:14:00,0006B35440,K109
2020-06-07 22:15:22,00075D8712,K109
2020-06-07 22:18:02,00078850FB,K109
2020-06-07 22:19:38,0007AC4999,K109
2020-06-07 22:21:51,00074FA4F8,K109
2020-06-07 22:26:35,000770D8F5,K109
2020-06-08 01:08:50,0006B35440,K109
2020-06-08 01:18:35,00074F4107,K109
2020-06-08 01:29:56,00075D1E39,K109
2020-06-08 01:36:35,0006B35440,K109
2020-06-08 01:49:08,00075D1E39,K109
2020-06-08 02:10:47,00075D1E39,K109
2020-06-08 04:08:08,00075D110D,K109
2020-06-08 04:09:25,000786B311,K109
2020-06-08 04:09:45,00068E1A0D,K109
2020-06-08 04:09:56,0007AC4999,K109
2020-06-08 04:10:44,0006B35440,K109
2020-06-08 04:11:28,000770D8F5,K109
2020-06-08 04:22:05,0007ACA1CE,K109
2020-06-08 04:25:22,00071DF6AA,K109
2020-06-08 04:28:25,00075D2562,K109
2020-06-08 04:35:17,0007ABEDDE,K109
2020-06-08 21:19:20,000786B5F7,K109
2020-06-08 21:38:01,00074F238E,K109
2020-06-08 21:46:22,00071DF6AA,K109
2020-06-08 21:46:57,00075D2562,K109
2020-06-08 21:48:43,000786B5F7,K109
2020-06-08 21:49:07,0007ABEDDE,K109
2020-06-08 21:50:57,000770D8F5,K109
2020-06-08 21:54:31,0006B35440,K109
2020-06-08 21:54:42,00075D1E39,K109
2020-06-08 21:56:03,00074F4107,K109
2020-06-08 21:56:27,00071E101F,K109
2020-06-08 21:56:56,00074BE89B,K109
2020-06-08 21:58:20,00068E1A0D,K109
2020-06-08 21:58:59,00074FA4F8,K109
2020-06-08 21:59:37,00075D110D,K109
2020-06-08 21:59:52,0007AC4999,K109
2020-06-08 22:00:21,00078850FB,K109
2020-06-08 22:01:54,000786B311,K109
2020-06-08 22:02:27,00075D8712,K109
2020-06-09 00:34:21,00078850FB,K109
2020-06-09 00:34:35,00074F4107,K109
2020-06-09 01:35:11,0006B35440,K109
2020-06-09 01:46:20,0006B35440,K109
2020-06-09 02:49:01,00074F4107,K109
2020-06-09 03:26:56,0007AC4999,K109
2020-06-09 03:28:16,00071DF6AA,K109
2020-06-09 04:21:09,00068E1A0D,K109
2020-06-09 04:22:01,0006B35440,K109
2020-06-09 04:22:19,00075D110D,K109
2020-06-09 04:22:25,0007AC4999,K109
2020-06-09 04:22:58,0007ACA1CE,K109
2020-06-09 04:36:12,00075D110D,K109
2020-06-09 04:36:19,0007AC4999,K109
2020-06-09 04:40:41,0006B35440,K109
2020-06-09 04:43:31,00068E1A0D,K109
2020-06-09 21:56:14,0007ABEDDE,K6
2020-06-09 21:58:02,00074F238E,K6
2020-06-09 21:58:09,00075D1E39,K6
2020-06-09 22:04:32,000786B5F7,K6
2020-06-09 22:09:52,00074BE89B,K6
2020-06-09 22:10:08,00071E101F,K6
2020-06-09 22:10:11,0007ACA1CE,K6
2020-06-09 22:10:36,00074FA4F8,K6
2020-06-09 22:14:48,000786B311,K6
2020-06-09 22:15:13,0006B35440,K6
2020-06-09 22:15:34,00071DF6AA,K6
2020-06-09 22:16:11,00075D2562,K6
2020-06-09 22:16:21,00068E1A0D,K6
2020-06-09 22:17:07,00075D110D,K6
2020-06-09 22:17:14,0007AC4999,K6
2020-06-09 22:17:52,00078850FB,K6
2020-06-09 22:19:13,00074F4107,K6
2020-06-09 22:20:00,000770D8F5,K6
2020-06-09 23:55:02,0006B35440,K6
2020-06-10 00:16:41,0006B35440,K6
2020-06-10 01:46:54,00068E1A0D,K6
2020-06-10 01:58:29,000770D8F5,K6
2020-06-10 02:02:47,0007ABEDDE,K6
2020-06-10 02:05:12,00075D1E39,K6
2020-06-10 02:15:18,00074FA4F8,K6
2020-06-10 02:20:33,0006B35440,K6
2020-06-10 02:28:59,00068E1A0D,K6
2020-06-10 02:44:23,0006B35440,K6
2020-06-10 03:02:14,00068E1A0D,K6
2020-06-10 03:12:32,0006B35440,K6
2020-06-10 04:02:13,0006B35440,K6
2020-06-10 04:32:06,00075D110D,K6
2020-06-10 04:33:12,0007AC4999,K6
2020-06-10 21:53:46,0007ABEDDE,K20
2020-06-10 21:54:04,000786B5F7,K20
2020-06-10 21:59:13,00071E101F,K20
2020-06-10 22:00:11,00074BE89B,K20
2020-06-10 22:00:21,00071DF6AA,K20
2020-06-10 22:00:58,00075D1E39,K20
2020-06-10 22:05:19,000786B311,K20
2020-06-10 22:07:33,000770D8F5,K20
2020-06-10 22:07:45,00074FA4F8,K20
2020-06-10 22:12:39,00075D1E39,K20
2020-06-10 22:22:58,00075D1E39,K20
2020-06-10 22:23:37,00074FA4F8,K20
2020-06-10 22:29:49,0007ACA1CE,K6
2020-06-10 22:31:26,00078850FB,K6
2020-06-10 22:34:59,00074F4107,K6
2020-06-10 22:35:32,00075D2562,K6
2020-06-10 22:35:47,0007AC4999,K6
2020-06-10 22:37:41,00075D110D,K6
2020-06-10 22:40:05,00068E1A0D,K6
2020-06-10 22:49:35,0006B35440,K6
2020-06-10 22:50:54,000786B5F7,K6
2020-06-10 22:54:21,00074BE89B,K20
2020-06-10 22:58:44,00075D1E39,K20
2020-06-10 23:23:52,00074BE89B,K6
2020-06-10 23:28:16,00078850FB,K6
2020-06-10 23:32:50,00074F238E,K6
2020-06-10 23:39:26,00074FA4F8,K6
2020-06-10 23:45:55,000770D8F5,K6
2020-06-11 00:56:04,00071E101F,K6
2020-06-11 01:01:28,0007ABEDDE,K6
2020-06-11 01:26:53,00074F238E,K6
2020-06-11 03:55:23,0007ACA1CE,K6
2020-06-11 22:08:18,000786B5F7,K6
2020-06-11 22:14:14,0006B35440,K6
2020-06-11 22:14:32,00068E1A0D,K6
2020-06-11 22:16:25,00075D1E39,K6
2020-06-11 22:17:16,00074FA4F8,K6
2020-06-11 22:17:58,00074F4107,K6
2020-06-11 22:19:49,000770D8F5,K6
2020-06-11 22:26:11,0007ACA1CE,K6
2020-06-11 23:52:04,000786B5F7,K6
2020-06-12 02:07:16,0006B35440,K6
2020-06-12 02:25:44,0006B35440,K6
2020-06-12 02:54:16,0006B35440,K6
2020-06-12 03:55:34,000786B5F7,K6
2020-06-12 03:55:56,00075D1E39,K6
2020-06-12 03:57:43,00075D110D,K6
2020-06-12 04:02:23,0007AC4999,K6
2020-06-12 04:06:05,0006B35440,K6
2020-06-12 04:09:39,00074BE89B,K6
2020-06-12 04:12:24,00074FA4F8,K6
2020-06-12 04:12:30,00071E101F,K6
2020-06-12 04:15:56,00074F238E,K6
2020-06-12 04:16:27,00075D2562,K6
2020-06-12 04:18:35,00074F4107,K6
2020-06-12 21:34:37,00074F238E,K6
2020-06-12 21:36:41,000786B5F7,K6
2020-06-12 21:37:58,00078850FB,K6
2020-06-12 21:40:14,0006B35440,K6
2020-06-12 21:40:27,00074BE89B,K6
2020-06-12 21:40:46,00075D1E39,K6
2020-06-12 21:41:41,00074F4107,K6
2020-06-12 21:43:51,00074FA4F8,K6
2020-06-12 21:44:02,00071E101F,K6
2020-06-12 21:44:05,00075D2562,K6
2020-06-12 21:44:09,0007ABEDDE,K6
2020-06-12 21:44:14,00068E1A0D,K6
2020-06-12 21:45:13,00075D110D,K6
2020-06-12 21:45:24,000770D8F5,K6
2020-06-12 21:45:48,0007AC4999,K6
2020-06-12 21:48:15,0007ACA1CE,K6
2020-06-12 21:51:35,000786B311,K6
2020-06-12 22:07:25,0006B35440,K6
2020-06-12 22:43:38,0006B35440,K6
2020-06-12 23:10:00,0006B35440,K6
2020-06-12 23:32:25,0006B35440,K6
2020-06-12 23:53:36,0006B35440,K6
2020-06-13 00:12:25,0006B35440,K6
2020-06-13 00:37:52,0006B35440,K6
2020-06-13 00:47:59,00078850FB,K6
2020-06-13 00:56:20,0006B35440,K6
2020-06-13 01:08:51,0006B35440,K6
2020-06-13 01:11:57,00075D110D,K6
2020-06-13 01:14:17,00078850FB,K6
2020-06-13 02:45:51,0006B35440,K6
2020-06-13 04:09:04,00075D1E39,K6
2020-06-13 04:09:49,00075D110D,K6
2020-06-13 04:10:06,000786B5F7,K6
2020-06-13 04:14:29,0006B35440,K6
2020-06-13 04:15:06,00074BE89B,K6
2020-06-13 04:15:55,0007AC4999,K6
2020-06-13 04:18:57,00071E101F,K6
2020-06-13 04:23:15,00074F238E,K6
2020-06-13 21:29:51,0006B35440,K6
2020-06-13 21:40:56,00078850FB,K6
2020-06-13 21:43:43,00074F4107,K6
2020-06-13 21:44:28,0007ABEDDE,K6
2020-06-13 21:44:59,0007AC4999,K6
2020-06-13 21:45:21,000786B5F7,K6
2020-06-13 21:47:12,00071E101F,K6
2020-06-13 21:52:05,00074F238E,K6
2020-06-13 21:55:20,00074BE89B,K6
2020-06-13 21:56:16,00068E1A0D,K6
2020-06-13 21:56:45,00075D2562,K6
2020-06-13 21:58:00,00075D1E39,K6
2020-06-13 21:58:30,00075D110D,K6
2020-06-13 21:58:47,00074FA4F8,K6
2020-06-13 21:59:43,000770D8F5,K6
2020-06-13 22:01:19,000786B311,K6
2020-06-13 22:01:53,0007ACA1CE,K6
2020-06-13 22:02:37,0006B35440,K6
2020-06-13 22:17:22,00068E1A0D,K6
2020-06-13 22:20:01,00078850FB,K6
2020-06-13 22:42:45,00068E1A0D,K6
2020-06-13 22:54:00,00068E1A0D,K6
2020-06-13 23:02:48,0006B35440,K6
2020-06-13 23:08:55,00068E1A0D,K6
2020-06-13 23:31:38,00068E1A0D,K6
2020-06-13 23:52:25,0006B35440,K6
2020-06-13 23:58:35,00068E1A0D,K6
2020-06-14 00:35:04,000786B5F7,K6
2020-06-14 00:36:58,000786B311,K6
2020-06-14 00:37:33,00071E101F,K6
2020-06-14 00:42:48,00074BE89B,K6
2020-06-14 00:44:41,00075D1E39,K6
2020-06-14 01:11:30,00075D1E39,K6
2020-06-14 01:15:12,00074BE89B,K6
2020-06-14 01:18:43,00074F4107,K6
2020-06-14 01:27:49,000770D8F5,K6
2020-06-14 01:29:51,00068E1A0D,K6
2020-06-14 01:31:12,00071E101F,K6
2020-06-14 01:32:33,00074FA4F8,K6
2020-06-14 01:32:38,000786B311,K6
2020-06-14 01:36:14,00075D1E39,K6
2020-06-14 01:41:52,0006B35440,K6
2020-06-14 01:42:06,000786B5F7,K6
2020-06-14 01:43:40,00074F4107,K6
2020-06-14 01:46:45,00074BE89B,K6
2020-06-14 02:15:31,00074BE89B,K6
2020-06-14 02:31:58,00068E1A0D,K6
2020-06-14 02:37:46,000786B5F7,K6
2020-06-14 02:48:44,000786B5F7,K6
2020-06-14 02:55:55,0006B35440,K6
2020-06-14 03:24:22,0006B35440,K6
2020-06-14 03:28:18,00068E1A0D,K6
2020-06-14 04:14:48,00075D1E39,K6
2020-06-14 04:17:29,00075D110D,K6
2020-06-14 04:17:47,00074BE89B,K6
2020-06-14 04:22:32,0007ACA1CE,K6
2020-06-14 04:24:29,000770D8F5,K6
2020-06-14 04:29:20,00074FA4F8,K6
2020-06-14 04:29:45,000786B5F7,K6
2020-06-14 04:31:18,00071E101F,K6
2020-06-14 04:34:48,0007AC4999,K6
2020-06-14 22:21:07,000786B5F7,K6
2020-06-14 22:26:21,00074F238E,K6
2020-06-14 22:27:56,0007ABEDDE,K6
2020-06-14 22:28:01,00071E101F,K6
2020-06-14 22:28:25,00078850FB,K6
2020-06-14 22:28:38,00075D110D,K6
2020-06-14 22:28:54,00074F4107,K6
2020-06-14 22:30:08,0007ACA1CE,K6
2020-06-14 22:32:34,00075D2562,K6
2020-06-14 22:32:47,00075D1E39,K6
2020-06-14 22:34:01,000786B311,K6
2020-06-14 22:35:56,000770D8F5,K6
2020-06-14 22:36:28,0007AC4999,K6
2020-06-14 22:36:56,00074BE89B,K6
2020-06-14 22:36:57,00074FA4F8,K6
2020-06-14 22:42:58,00068E1A0D,K6
2020-06-14 22:45:18,0006B35440,K6
2020-06-14 23:35:10,00068E1A0D,K6
2020-06-14 23:47:15,00074F4107,K6
2020-06-14 23:50:46,0006B35440,K6
2020-06-15 00:09:14,000786B311,K6
2020-06-15 00:23:14,00068E1A0D,K6
2020-06-15 00:23:29,00074F4107,K6
2020-06-15 00:31:02,0006B35440,K6
2020-06-15 00:59:33,00068E1A0D,K6
2020-06-15 01:04:45,00074F4107,K6
2020-06-15 01:16:07,00074F4107,K6
2020-06-15 01:30:47,00075D110D,K6
2020-06-15 01:41:02,00075D1E39,K6
2020-06-15 01:41:06,00075D110D,K6
2020-06-15 01:54:15,0006B35440,K6
2020-06-15 01:58:18,00074BE89B,K6
2020-06-15 02:01:50,00068E1A0D,K6
2020-06-15 02:06:43,0006B35440,K6
2020-06-15 02:15:30,00075D1E39,K6
2020-06-15 02:16:44,00074BE89B,K6
2020-06-15 02:24:43,0006B35440,K6
2020-06-15 02:31:05,0007ABEDDE,K6
2020-06-15 02:32:10,00075D110D,K6
2020-06-15 02:36:44,0006B35440,K6
2020-06-15 02:39:34,00068E1A0D,K6
2020-06-15 02:43:59,00075D1E39,K6
2020-06-15 02:47:30,00078850FB,K6
2020-06-15 03:03:13,00068E1A0D,K6
2020-06-15 03:17:33,0006B35440,K6
2020-06-15 03:49:54,00068E1A0D,K6
2020-06-15 04:02:35,0006B35440,K6
2020-06-15 04:07:26,00074BE89B,K6
2020-06-15 04:15:46,00074FA4F8,K6
2020-06-15 04:20:42,0007AC4999,K6
2020-06-15 04:27:58,0006B35440,K6
2020-06-15 04:32:06,00068E1A0D,K6
2020-06-15 22:40:16,000786B311,K6
2020-06-15 22:40:25,00075D110D,K6
2020-06-15 22:42:14,00075D2562,K6
2020-06-15 22:45:02,00074F238E,K6
2020-06-15 22:45:19,0007ABEDDE,K6
2020-06-15 22:45:54,000786B5F7,K6
2020-06-15 22:46:26,00071E101F,K6
2020-06-15 22:47:54,0007AC4999,K6
2020-06-15 22:49:01,00078850FB,K6
2020-06-15 22:49:24,000770D8F5,K6
2020-06-15 22:49:48,00075D1E39,K6
2020-06-15 22:56:25,00074FA4F8,K6
2020-06-15 23:06:20,00068E1A0D,K6
2020-06-15 23:06:31,00074BE89B,K6
2020-06-15 23:07:34,0006B35440,K6
2020-06-16 00:24:18,00074BE89B,K6
2020-06-16 00:45:54,000786B5F7,K6
2020-06-16 02:14:03,000770D8F5,K6
2020-06-16 02:14:10,0007ABEDDE,K6
2020-06-16 02:36:36,000770D8F5,K6
2020-06-16 04:07:01,0007AC4999,K6
2020-06-16 21:54:52,00068E1A0D,K6
2020-06-16 22:01:58,000786B5F7,K6
2020-06-16 22:05:44,0007ABEDDE,K6
2020-06-16 22:13:13,0006B35440,K6
2020-06-16 22:14:33,00068E1A0D,K6
2020-06-16 22:17:07,00074FA4F8,K6
2020-06-16 22:17:12,00074BE89B,K6
2020-06-16 22:17:16,0007ACA1CE,K6
2020-06-16 22:18:09,00074F4107,K6
2020-06-16 22:18:38,0007AC4999,K6
2020-06-16 22:19:02,00075D1E39,K6
2020-06-16 22:21:02,000770D8F5,K6
2020-06-16 22:21:24,000786B311,K6
2020-06-16 23:20:33,00074F4107,K6
2020-06-16 23:25:07,0006B35440,K6
2020-06-16 23:25:31,00068E1A0D,K6
2020-06-16 23:40:33,0006B35440,K6
2020-06-16 23:42:40,00068E1A0D,K6
2020-06-16 23:50:51,000786B5F7,K6
2020-06-16 23:51:21,00074F4107,K6
2020-06-17 00:42:17,0006B35440,K6
2020-06-17 00:44:39,00068E1A0D,K6
2020-06-17 00:47:30,000786B5F7,K6
2020-06-17 00:47:39,00074F4107,K6
2020-06-17 01:14:49,000786B5F7,K6
2020-06-17 01:18:12,00068E1A0D,K6
2020-06-17 01:18:53,00074F4107,K6
2020-06-17 01:25:27,0006B35440,K6
2020-06-17 01:25:34,000786B5F7,K6
2020-06-17 01:31:00,00075D1E39,K6
2020-06-17 01:37:09,000786B5F7,K6
2020-06-17 01:54:52,00068E1A0D,K6
2020-06-17 01:55:39,00074F4107,K6
2020-06-17 01:58:16,000786B5F7,K6
2020-06-17 01:58:20,00074BE89B,K6
2020-06-17 02:08:54,00078850FB,K6
2020-06-17 02:14:54,000786B5F7,K6
2020-06-17 02:15:01,00071E101F,K6
2020-06-17 02:23:54,00068E1A0D,K6
2020-06-17 02:30:30,00071E101F,K6
2020-06-17 02:35:28,00074BE89B,K6
2020-06-17 02:42:35,000786B5F7,K6
2020-06-17 02:45:25,0006B35440,K6
2020-06-17 02:47:59,00074F4107,K6
2020-06-17 02:49:32,00078850FB,K6
2020-06-17 02:59:03,00075D1E39,K6
2020-06-17 03:07:37,000786B5F7,K6
2020-06-17 03:14:00,00074F4107,K6
2020-06-17 03:18:26,0006B35440,K6
2020-06-17 03:18:40,00068E1A0D,K6
2020-06-17 03:35:25,00068E1A0D,K6
2020-06-17 03:38:35,000786B5F7,K6
2020-06-17 03:41:40,00074BE89B,K6
2020-06-17 03:52:51,00074F4107,K6
2020-06-17 03:55:39,000786B5F7,K6
2020-06-17 03:55:46,00074BE89B,K6
2020-06-17 03:58:09,00074FA4F8,K6
2020-06-17 03:59:43,00074F238E,K6
2020-06-17 04:00:47,0006B35440,K6
2020-06-17 04:00:58,00075D1E39,K6
2020-06-17 04:03:04,00078850FB,K6
2020-06-17 04:04:17,00071E101F,K6
2020-06-17 04:05:05,000770D8F5,K6
2020-06-17 04:07:36,00075D2562,K6
2020-06-17 04:07:52,0007AC4999,K6
2020-06-17 04:09:01,00075D110D,K6
2020-06-17 04:17:00,00074F4107,K6
2020-06-17 06:08:06,00068E1A0D,K6
2020-06-17 21:37:37,00068E1A0D,K6
2020-06-17 21:54:05,00075D2562,K6
2020-06-17 21:54:18,00074F4107,K6
2020-06-17 21:54:53,00074BE89B,K6
2020-06-17 21:55:19,00074F238E,K6
2020-06-17 21:57:03,0007ABEDDE,K6
2020-06-17 21:57:20,00075D1E39,K6
2020-06-17 21:57:56,000786B5F7,K6
2020-06-17 21:58:26,0006B35440,K6
2020-06-17 21:58:49,00078850FB,K6
2020-06-17 22:03:53,0007ACA1CE,K6
2020-06-17 22:04:04,000770D8F5,K6
2020-06-17 22:04:40,00075D110D,K6
2020-06-17 22:23:59,000786B311,K6
2020-06-17 22:25:04,00071E101F,K6
2020-06-17 22:48:45,00071E101F,K6
2020-06-17 22:57:37,00068E1A0D,K6
2020-06-17 23:04:25,0007ACA1CE,K6
2020-06-17 23:05:19,00074F4107,K6
2020-06-17 23:23:58,00071E101F,K6
2020-06-17 23:25:12,0006B35440,K6
2020-06-17 23:29:32,00074F4107,K6
2020-06-17 23:38:11,0007ACA1CE,K6
2020-06-17 23:43:52,00075D1E39,K6
2020-06-17 23:46:23,000786B5F7,K6
2020-06-17 23:57:07,00071E101F,K6
2020-06-17 23:57:25,00075D1E39,K6
2020-06-18 00:01:28,00074F4107,K6
2020-06-18 00:03:09,000786B5F7,K6
2020-06-18 00:03:17,0006B35440,K6
2020-06-18 00:07:00,00068E1A0D,K6
2020-06-18 00:11:51,0007ACA1CE,K6
2020-06-18 00:12:18,00075D1E39,K6
2020-06-18 00:14:02,0007AC4999,K6
2020-06-18 00:15:08,00074BE89B,K6
2020-06-18 00:16:07,000786B5F7,K6
2020-06-18 00:24:18,00074FA4F8,K6
2020-06-18 00:24:50,00068E1A0D,K6
2020-06-18 00:30:30,00075D1E39,K6
2020-06-18 00:50:00,00074BE89B,K6
2020-06-18 00:50:15,000786B5F7,K6
2020-06-18 00:51:33,00074FA4F8,K6
2020-06-18 00:51:44,0007ACA1CE,K6
2020-06-18 00:53:54,00071E101F,K6
2020-06-18 00:54:01,00068E1A0D,K6
2020-06-18 01:00:44,0006B35440,K6
2020-06-18 01:01:16,0007AC4999,K6
2020-06-18 01:07:24,00075D1E39,K6
2020-06-18 01:18:53,00074BE89B,K6
2020-06-18 01:20:11,00075D1E39,K6
2020-06-18 01:21:16,00068E1A0D,K6
2020-06-18 01:21:32,00071E101F,K6
2020-06-18 01:21:48,0007ACA1CE,K6
2020-06-18 01:34:03,00074FA4F8,K6
2020-06-18 01:39:44,00075D1E39,K6
2020-06-18 01:40:42,000770D8F5,K6
2020-06-18 01:40:54,0007ABEDDE,K6
2020-06-18 01:57:03,00074F4107,K6
2020-06-18 01:59:52,0007AC4999,K6
2020-06-18 02:54:16,0007ABEDDE,K6
2020-06-18 02:58:18,000770D8F5,K6
2020-06-18 02:59:04,00075D1E39,K6
2020-06-18 02:59:25,00074FA4F8,K6
2020-06-18 03:02:04,0006B35440,K6
2020-06-18 03:02:35,00074BE89B,K6
2020-06-18 03:03:05,00068E1A0D,K6
2020-06-18 03:05:03,0007ACA1CE,K6
2020-06-18 03:06:38,0007AC4999,K6
2020-06-18 03:08:21,00071E101F,K6
2020-06-18 03:08:46,000786B5F7,K6
2020-06-18 03:19:18,00075D1E39,K6
2020-06-18 03:23:17,00075D2562,K6
2020-06-18 03:23:35,0006B35440,K6
2020-06-18 03:24:26,00071E101F,K6
2020-06-18 03:25:35,00068E1A0D,K6
2020-06-18 03:59:46,00075D1E39,K6
2020-06-18 04:02:47,00071E101F,K6
2020-06-18 04:04:36,0007ABEDDE,K6
2020-06-18 04:04:57,000770D8F5,K6
2020-06-18 04:10:11,00075D2562,K6
2020-06-18 04:21:53,0007AC4999,K6
2020-06-18 04:29:02,00068E1A0D,K6
2020-06-18 04:37:46,00075D2562,K6
2020-06-18 04:41:31,00074F4107,K6
2020-06-18 04:47:05,00071E101F,K6
2020-06-18 21:47:26,000786B5F7,K6
2020-06-18 21:55:26,00075D1E39,K6
2020-06-18 21:55:42,0007ACA1CE,K6
2020-06-18 21:56:41,0007AC4999,K6
2020-06-18 21:57:19,00074FA4F8,K6
2020-06-18 21:57:25,00068E1A0D,K6
2020-06-18 21:57:30,00074BE89B,K6
2020-06-18 21:57:36,0007ABEDDE,K6
2020-06-18 21:58:22,000770D8F5,K6
2020-06-18 22:01:15,00075D2562,K6
2020-06-18 22:40:04,00068E1A0D,K6
2020-06-18 22:57:36,00074F4107,K6
2020-06-18 23:02:31,0007ACA1CE,K6
2020-06-18 23:09:17,00068E1A0D,K6
2020-06-18 23:13:53,0006B35440,K6
2020-06-18 23:18:38,00071E101F,K6
2020-06-18 23:18:58,00078850FB,K6
2020-06-18 23:45:39,0006B35440,K6
2020-06-18 23:46:52,00068E1A0D,K6
2020-06-18 23:56:23,0007AC4999,K6
2020-06-19 00:01:20,00071E101F,K6
2020-06-19 00:05:03,00074F4107,K6
2020-06-19 00:20:08,0007ACA1CE,K6
2020-06-19 00:32:44,00068E1A0D,K6
2020-06-19 00:32:50,0006B35440,K6
2020-06-19 00:36:57,00071E101F,K6
2020-06-19 00:44:19,00068E1A0D,K6
2020-06-19 01:07:51,000786B5F7,K6
2020-06-19 01:14:11,00068E1A0D,K6
2020-06-19 01:17:02,0006B35440,K6
2020-06-19 01:17:14,0007AC4999,K6
2020-06-19 01:18:52,0007ACA1CE,K6
2020-06-19 01:25:46,00071E101F,K6
2020-06-19 01:27:54,00074F4107,K6
2020-06-19 01:35:28,00068E1A0D,K6
2020-06-19 01:46:24,00068E1A0D,K6
2020-06-19 01:51:01,000786B5F7,K6
2020-06-19 01:58:46,00074F4107,K6
2020-06-19 01:59:16,00071E101F,K6
2020-06-19 02:03:22,000786B5F7,K6
2020-06-19 02:15:23,0007AC4999,K6
2020-06-19 02:16:05,00068E1A0D,K6
2020-06-19 02:19:00,0007ACA1CE,K6
2020-06-19 02:22:27,00071E101F,K6
2020-06-19 02:30:05,000786B5F7,K6
2020-06-19 02:31:40,0006B35440,K6
2020-06-19 02:34:39,00074F4107,K6
2020-06-19 02:40:20,0007AC4999,K6
2020-06-19 02:46:26,00071E101F,K6
2020-06-19 02:49:07,00068E1A0D,K6
2020-06-19 02:50:43,0006B35440,K6
2020-06-19 03:05:03,00068E1A0D,K6
2020-06-19 03:09:23,00075D110D,K6
2020-06-19 03:15:18,0007AC4999,K6
2020-06-19 03:22:33,00071E101F,K6
2020-06-19 03:32:19,00074F238E,K6
2020-06-19 03:45:19,0007ACA1CE,K6
2020-06-19 04:00:50,00071E101F,K6
2020-06-19 04:06:51,00074BE89B,K6
2020-06-19 04:08:55,00078850FB,K6
2020-06-19 04:10:24,000786B5F7,K6
2020-06-19 04:16:07,0007AC4999,K6
2020-06-19 04:32:31,0007ACA1CE,K6
2020-06-19 04:38:14,00068E1A0D,K6
2020-06-19 21:34:48,00071E101F,K235
2020-06-19 21:34:56,00075D1E39,K281
2020-06-19 21:35:12,00074F4107,K235
2020-06-19 21:37:00,0007AC4999,K235
2020-06-19 21:42:18,0006B35440,K235
2020-06-19 21:42:33,0007ACA1CE,K235
2020-06-19 21:44:14,00074F238E,K281
2020-06-19 21:46:21,00068E1A0D,K281
2020-06-19 21:46:29,0007ABEDDE,K235
2020-06-19 21:48:17,00075D2562,K235
2020-06-19 21:51:51,00074BE89B,K281
2020-06-19 21:55:41,00078850FB,K281
2020-06-19 21:55:52,000770D8F5,K235
2020-06-19 22:03:06,00074FA4F8,K281
2020-06-19 22:05:21,00074F4107,K235
2020-06-19 22:06:11,00075D110D,K281
2020-06-19 22:07:09,00075D1E39,K281
2020-06-19 22:07:30,000786B311,K281
2020-06-19 22:14:45,0006B35440,K281
2020-06-19 22:17:30,00075D110D,K235
2020-06-19 22:22:41,00078850FB,K281
2020-06-19 22:27:58,00075D110D,K235
2020-06-19 22:30:49,0006B35440,K281
2020-06-19 22:47:23,00071E101F,K235
2020-06-19 22:55:06,00068E1A0D,K281
2020-06-19 23:03:43,00078850FB,K235
2020-06-19 23:06:00,000786B5F7,K281
2020-06-19 23:07:02,00071E101F,K235
2020-06-19 23:08:34,00068E1A0D,K235
2020-06-19 23:15:11,0007ACA1CE,K235
2020-06-19 23:15:24,0006B35440,K281
2020-06-19 23:15:38,00074F4107,K235
2020-06-19 23:27:15,00068E1A0D,K281
2020-06-19 23:28:40,0007ACA1CE,K281
2020-06-19 23:35:46,0006B35440,K281
2020-06-19 23:35:58,00074F4107,K235
2020-06-19 23:38:56,00068E1A0D,K281
2020-06-19 23:45:06,00071E101F,K235
2020-06-19 23:51:54,00074F4107,K281
2020-06-19 23:53:48,00075D1E39,K281
2020-06-19 23:55:48,00068E1A0D,K281
2020-06-19 23:59:54,0007ABEDDE,K281
2020-06-20 00:04:25,00071E101F,K281
2020-06-20 00:06:08,0007ACA1CE,K281
2020-06-20 00:21:20,0007ACA1CE,K281
2020-06-20 00:24:10,00071E101F,K281
2020-06-20 00:26:58,00074BE89B,K281
2020-06-20 00:28:59,0007AC4999,K235
2020-06-20 00:30:53,00075D1E39,K281
2020-06-20 00:34:08,0006B35440,K281
2020-06-20 00:39:33,00068E1A0D,K281
2020-06-20 00:41:38,0007AC4999,K281
2020-06-20 00:49:30,00074F4107,K281
2020-06-20 00:57:34,0007AC4999,K281
2020-06-20 00:59:28,0007ACA1CE,K281
2020-06-20 01:06:12,00074F4107,K281
2020-06-20 01:42:31,00068E1A0D,K281
2020-06-20 01:44:06,0006B35440,K281
2020-06-20 01:51:47,0007AC4999,K281
2020-06-20 01:52:52,000786B5F7,K281
2020-06-20 01:52:56,00068E1A0D,K281
2020-06-20 02:04:04,00068E1A0D,K281
2020-06-20 02:12:12,000786B5F7,K281
2020-06-20 02:46:51,0006B35440,K281
2020-06-20 03:09:23,0007AC4999,K281
2020-06-20 21:52:12,00071E101F,K32
2020-06-20 21:53:48,00074F4107,K32
2020-06-20 21:54:11,000786B5F7,K32
2020-06-20 21:54:24,0007AC4999,K32
2020-06-20 21:55:24,00078850FB,K32
2020-06-20 21:58:35,0006B35440,K32
2020-06-20 21:59:35,0007ACA1CE,K32
2020-06-20 22:01:45,00074F238E,K32
2020-06-20 22:01:52,00075D1E39,K32
2020-06-20 22:02:28,0007ABEDDE,K32
2020-06-20 22:02:44,000786B311,K32
2020-06-20 22:03:11,00074FA4F8,K32
2020-06-20 22:07:11,00074BE89B,K32
2020-06-20 22:07:14,00075D110D,K32
2020-06-20 22:07:23,00075D2562,K32
2020-06-20 22:12:01,00068E1A0D,K32
2020-06-20 22:14:23,000770D8F5,K32
2020-06-20 22:24:12,00074BE89B,K32
2020-06-20 22:47:53,00074F238E,K32
2020-06-20 22:52:52,00074BE89B,K32
2020-06-20 22:54:09,00074F4107,K32
2020-06-20 23:03:37,0007ACA1CE,K32
2020-06-20 23:06:30,00074BE89B,K32
2020-06-20 23:12:38,00074F238E,K32
2020-06-20 23:15:30,00071E101F,K32
2020-06-20 23:16:34,0007ACA1CE,K32
2020-06-20 23:18:50,00074F4107,K32
2020-06-20 23:25:58,00074F238E,K32
2020-06-20 23:26:31,000786B5F7,K32
2020-06-20 23:27:40,00074BE89B,K32
2020-06-20 23:30:40,00068E1A0D,K32
2020-06-20 23:51:52,0007AC4999,K32
2020-06-20 23:56:41,0006B35440,K32
2020-06-20 23:58:46,00074F238E,K32
2020-06-21 00:14:23,00071E101F,K32
2020-06-21 00:16:18,00068E1A0D,K32
2020-06-21 00:21:23,0007AC4999,K32
2020-06-21 00:23:50,0007ACA1CE,K32
2020-06-21 00:24:44,00074F238E,K32
2020-06-21 00:32:13,00074BE89B,K32
2020-06-21 00:39:09,00074F4107,K32
2020-06-21 00:44:37,0007ACA1CE,K32
2020-06-21 00:47:51,00074BE89B,K32
2020-06-21 01:00:42,00071E101F,K32
2020-06-21 01:02:50,00074F238E,K32
2020-06-21 01:05:58,000786B5F7,K32
2020-06-21 01:18:52,00074F4107,K32
2020-06-21 01:26:08,000786B5F7,K32
2020-06-21 01:32:50,00071E101F,K32
2020-06-21 01:38:49,0007AC4999,K32
2020-06-21 01:40:13,0007ACA1CE,K32
2020-06-21 01:42:01,00074BE89B,K32
2020-06-21 01:43:37,000786B5F7,K32
2020-06-21 01:43:52,00074F4107,K32
2020-06-21 01:52:15,0006B35440,K32
2020-06-21 01:58:18,0007ACA1CE,K32
2020-06-21 01:59:38,00074BE89B,K32
2020-06-21 01:59:44,00068E1A0D,K32
2020-06-21 02:05:55,00074F4107,K32
2020-06-21 02:06:49,0007AC4999,K32
2020-06-21 02:13:46,00068E1A0D,K32
2020-06-21 02:22:27,00071E101F,K32
2020-06-21 02:26:25,00068E1A0D,K32
2020-06-21 02:27:17,00078850FB,K32
2020-06-21 02:32:28,00074F4107,K32
2020-06-21 02:33:30,0006B35440,K32
2020-06-21 02:40:15,00071E101F,K32
2020-06-21 02:42:04,0007ACA1CE,K32
2020-06-21 02:45:45,0007AC4999,K32
2020-06-21 02:48:32,00068E1A0D,K32
2020-06-21 02:56:19,00074BE89B,K32
2020-06-21 02:59:53,0007ACA1CE,K32
2020-06-21 03:04:59,0007AC4999,K32
2020-06-21 03:10:26,00074F238E,K32
2020-06-21 03:14:04,00071E101F,K32
2020-06-21 03:17:13,00074BE89B,K32
2020-06-21 03:24:22,00074F4107,K32
2020-06-21 03:33:09,00071E101F,K32
2020-06-21 03:36:36,000786B5F7,K32
2020-06-21 03:39:10,00074BE89B,K32
2020-06-21 03:50:29,00068E1A0D,K32
2020-06-21 03:52:49,000786B5F7,K32
2020-06-21 03:54:05,00074BE89B,K32
2020-06-21 04:01:27,00075D110D,K32
2020-06-21 04:02:08,000786B311,K32
2020-06-21 04:05:57,0007AC4999,K32
2020-06-21 04:13:25,0007ACA1CE,K32
2020-06-21 04:13:30,00074F238E,K32
2020-06-21 04:13:35,00074F4107,K32
2020-06-21 04:14:18,00075D2562,K32
2020-06-21 04:15:14,000770D8F5,K32
2020-06-21 04:15:48,0007ABEDDE,K32
2020-06-21 04:16:03,00074FA4F8,K32
2020-06-21 04:22:37,00071E101F,K32
2020-06-21 21:39:24,000786B5F7,K32
2020-06-21 21:41:13,0007AC4999,K32
2020-06-21 21:43:26,00074F4107,K32
2020-06-21 21:44:10,00074F238E,K32
2020-06-21 21:44:49,0007ACA1CE,K32
2020-06-21 21:47:17,00068E1A0D,K32
2020-06-21 21:47:19,00071E101F,K32
2020-06-21 21:47:25,00078850FB,K32
2020-06-21 21:49:24,0007ABEDDE,K32
2020-06-21 21:49:28,0006B35440,K32
2020-06-21 21:51:14,00074FA4F8,K32
2020-06-21 21:53:06,00075D1E39,K32
2020-06-21 21:56:58,000770D8F5,K32
2020-06-21 21:59:17,00075D2562,K32
2020-06-21 21:59:21,00075D110D,K32
2020-06-21 22:01:59,000786B311,K32
2020-06-21 22:26:01,0007AC4999,K32
2020-06-21 22:26:15,00074F238E,K32
2020-06-21 22:41:00,0007AC4999,K32
2020-06-21 22:52:34,00074F238E,K32
2020-06-21 22:52:39,0007AC4999,K32
2020-06-21 22:56:02,00074BE89B,K32
2020-06-21 23:00:33,00071E101F,K32
2020-06-21 23:07:19,00074F4107,K32
2020-06-21 23:14:21,0007AC4999,K32
2020-06-21 23:15:43,00071E101F,K32
2020-06-21 23:16:25,00074BE89B,K32
2020-06-21 23:27:05,00074F238E,K32
2020-06-21 23:27:47,000786B5F7,K32
2020-06-21 23:31:55,00074F4107,K32
2020-06-21 23:36:05,00074BE89B,K32
2020-06-21 23:38:03,0007ACA1CE,K32
2020-06-21 23:40:42,0007AC4999,K32
2020-06-21 23:42:19,000786B5F7,K32
2020-06-21 23:47:47,00074F238E,K32
2020-06-21 23:53:23,0006B35440,K32
2020-06-21 23:53:44,0007ACA1CE,K32
2020-06-22 00:01:27,00074BE89B,K32
2020-06-22 00:15:39,00074BE89B,K32
2020-06-22 00:15:46,0007AC4999,K32
2020-06-22 00:26:10,00074BE89B,K32
2020-06-22 00:33:49,0006B35440,K32
2020-06-22 00:37:28,00074F238E,K32
2020-06-22 00:42:53,0007ACA1CE,K32
2020-06-22 00:42:56,00074BE89B,K32
2020-06-22 00:49:06,000786B5F7,K32
2020-06-22 00:54:20,00074F4107,K32
2020-06-22 00:57:02,0007ACA1CE,K32
2020-06-22 00:57:42,00074BE89B,K32
2020-06-22 01:00:00,0007AC4999,K32
2020-06-22 01:00:10,00071E101F,K32
2020-06-22 01:01:19,000786B5F7,K32
2020-06-22 01:06:16,00074F238E,K32
2020-06-22 01:11:37,0007AC4999,K32
2020-06-22 01:18:59,00074BE89B,K32
2020-06-22 01:30:06,0006B35440,K32
2020-06-22 01:34:51,0007AC4999,K32
2020-06-22 01:37:51,00074F4107,K32
2020-06-22 01:39:27,00074BE89B,K32
2020-06-22 01:45:36,00068E1A0D,K32
2020-06-22 01:46:36,0007AC4999,K32
2020-06-22 01:50:03,0006B35440,K32
2020-06-22 01:52:30,00074BE89B,K32
2020-06-22 01:53:10,00071E101F,K32
2020-06-22 01:58:39,0007AC4999,K32
2020-06-22 01:59:16,000786B5F7,K32
2020-06-22 02:00:52,0007ACA1CE,K32
2020-06-22 02:07:39,00074BE89B,K32
2020-06-22 02:11:44,00074F4107,K32
2020-06-22 02:13:48,0007ACA1CE,K32
2020-06-22 02:38:38,00071E101F,K32
2020-06-22 02:39:04,0007AC4999,K32
2020-06-22 02:51:09,00074F4107,K32
2020-06-22 03:22:14,0007ACA1CE,K32
2020-06-22 21:40:18,0007AC4999,K21
2020-06-22 21:43:21,000786B5F7,K21
2020-06-22 21:46:06,00078850FB,K21
2020-06-22 21:50:39,00071E101F,K21
2020-06-22 21:51:29,00074F4107,K21
2020-06-22 21:51:52,0007ACA1CE,K21
2020-06-22 21:52:44,00074F238E,K21
2020-06-22 21:54:37,00074FA4F8,K21
2020-06-22 21:56:18,00074BE89B,K21
2020-06-22 21:56:51,0006B35440,K21
2020-06-22 21:58:11,000786B311,K21
2020-06-22 21:58:30,00068E1A0D,K21
2020-06-22 22:02:05,0007ABEDDE,K21
2020-06-22 22:13:30,00075D2562,K21
2020-06-22 22:13:40,00075D110D,K21
2020-06-22 22:15:18,00075D1E39,K21
2020-06-22 22:15:30,0007AC4999,K21
2020-06-22 22:15:51,00074FA4F8,K21
2020-06-23 21:41:04,0007AC4999,K21
2020-06-23 21:45:36,00074FA4F8,K21
2020-06-23 21:49:34,00074F4107,K21
2020-06-23 21:51:13,000786B5F7,K21
2020-06-23 21:51:24,00071E101F,K21
2020-06-23 21:52:22,0007ACA1CE,K21
2020-06-23 21:52:28,0006B35440,K21
2020-06-23 21:52:43,00074F238E,K21
2020-06-23 21:54:05,00074BE89B,K21
2020-06-23 21:54:15,000786B311,K21
2020-06-23 21:55:59,00068E1A0D,K21
2020-06-23 21:58:24,0007ABEDDE,K21
2020-06-23 22:01:00,00075D2562,K21
2020-06-23 22:03:49,00075D110D,K21
2020-06-23 22:06:48,000770D8F5,K21
2020-06-23 22:19:55,00075D2562,K21
2020-06-23 22:20:48,00075D1E39,K21
2020-06-23 22:22:04,00074FA4F8,K21
2020-06-23 22:45:26,00075D2562,K21
2020-06-23 22:50:40,00074F238E,K21
2020-06-23 22:57:59,00075D1E39,K21
2020-06-23 23:00:36,000770D8F5,K21
2020-06-23 23:03:18,00074BE89B,K21
2020-06-23 23:03:24,00074FA4F8,K21
2020-06-23 23:09:56,0006B35440,K21
2020-06-23 23:13:38,000770D8F5,K21
2020-06-23 23:17:40,00074F238E,K21
2020-06-23 23:22:53,0006B35440,K21
2020-06-23 23:31:21,00074F4107,K21
2020-06-23 23:32:00,000786B5F7,K21
2020-06-23 23:32:49,00075D2562,K21
2020-06-23 23:39:55,00074FA4F8,K21
2020-06-23 23:41:44,0007ACA1CE,K21
2020-06-23 23:42:07,00074BE89B,K21
2020-06-23 23:42:50,000770D8F5,K21
2020-06-23 23:48:49,00075D1E39,K21
2020-06-23 23:49:46,000786B5F7,K21
2020-06-23 23:53:00,00074F4107,K21
2020-06-23 23:55:03,000770D8F5,K21
2020-06-24 00:01:52,00074FA4F8,K21
2020-06-24 00:01:57,0007ACA1CE,K21
2020-06-24 00:02:44,00074F238E,K21
2020-06-24 00:07:34,00075D1E39,K21
2020-06-24 00:08:13,00074BE89B,K21
2020-06-24 00:10:35,00075D2562,K21
2020-06-24 00:11:51,00071E101F,K21
2020-06-24 00:14:56,00074F4107,K21
2020-06-24 00:19:53,00074FA4F8,K21
2020-06-24 00:20:38,0006B35440,K21
2020-06-24 00:25:40,00071E101F,K21
2020-06-24 00:30:51,00074F238E,K21
2020-06-24 00:39:41,0006B35440,K21
2020-06-24 00:41:36,000770D8F5,K21
2020-06-24 00:44:57,00074FA4F8,K21
2020-06-24 00:45:11,00075D2562,K21
2020-06-24 00:56:15,000770D8F5,K21
2020-06-24 01:03:24,00074BE89B,K21
2020-06-24 01:07:43,0007ACA1CE,K21
2020-06-24 01:08:39,00075D1E39,K21
2020-06-24 01:10:02,00074F4107,K21
2020-06-24 01:15:46,00074F238E,K21
2020-06-24 01:21:39,00078850FB,K21
2020-06-24 01:23:10,000786B5F7,K21
2020-06-24 01:24:05,0007ACA1CE,K21
2020-06-24 01:24:51,00075D2562,K21
2020-06-24 01:25:32,0007AC4999,K21
2020-06-24 01:28:04,00075D1E39,K21
2020-06-24 01:30:15,00071E101F,K21
2020-06-24 01:31:26,00075D110D,K21
2020-06-24 01:32:36,00074FA4F8,K21
2020-06-24 01:33:06,00074BE89B,K21
2020-06-24 01:33:20,00068E1A0D,K21
2020-06-24 01:35:38,00074F4107,K21
2020-06-24 01:42:08,00074F238E,K21
2020-06-24 01:43:02,00071E101F,K21
2020-06-24 01:43:27,000786B5F7,K21
2020-06-24 01:48:16,000770D8F5,K21
2020-06-24 01:55:31,00075D2562,K21
2020-06-24 02:08:12,00074FA4F8,K21
2020-06-24 02:11:15,0006B35440,K21
2020-06-24 02:11:34,000770D8F5,K21
2020-06-24 02:17:14,00074BE89B,K21
2020-06-24 02:24:15,0007ABEDDE,K21
2020-06-24 02:26:41,0007AC4999,K21
2020-06-24 02:26:49,000786B5F7,K21
2020-06-24 02:29:20,00075D1E39,K21
2020-06-24 02:35:43,00075D2562,K21
2020-06-24 02:40:01,00071E101F,K21
2020-06-24 02:40:17,00074BE89B,K21
2020-06-24 02:42:31,00074F4107,K21
2020-06-24 02:42:56,0006B35440,K21
2020-06-24 02:49:57,00074F238E,K21
2020-06-24 02:54:57,00071E101F,K21
2020-06-24 02:56:04,00075D1E39,K21
2020-06-24 02:56:19,0007ACA1CE,K21
2020-06-24 03:06:11,00074FA4F8,K21
2020-06-24 03:11:19,00075D110D,K21
2020-06-24 03:12:24,00074F4107,K21
2020-06-24 03:12:42,0007ACA1CE,K21
2020-06-24 03:13:38,000770D8F5,K21
2020-06-24 03:15:45,000786B311,K21
2020-06-24 03:17:58,00074F238E,K21
2020-06-24 03:19:29,00075D2562,K21
2020-06-24 03:26:42,0006B35440,K21
2020-06-24 03:28:08,00074FA4F8,K21
2020-06-24 03:33:17,000770D8F5,K21
2020-06-24 03:44:54,00075D2562,K21
2020-06-24 03:53:44,00075D1E39,K21
2020-06-24 03:59:18,00074BE89B,K21
2020-06-24 03:59:41,00068E1A0D,K21
2020-06-24 04:06:18,000786B5F7,K21
2020-06-24 04:06:23,000770D8F5,K21
2020-06-24 04:07:59,00074F238E,K21
2020-06-24 04:09:10,00074FA4F8,K21
2020-06-24 04:09:31,000786B311,K21
2020-06-24 04:09:38,0007AC4999,K21
2020-06-24 04:12:45,0007ABEDDE,K21
2020-06-24 04:13:02,00075D110D,K21
2020-06-24 04:13:11,00075D1E39,K21
2020-06-24 04:13:55,00071E101F,K21
2020-06-24 04:16:48,00075D2562,K21
2020-06-24 04:16:59,00078850FB,K21
2020-06-24 04:18:14,00074F4107,K21
2020-06-24 04:22:18,0006B35440,K21
2020-06-24 04:29:32,0007ACA1CE,K21
2020-06-24 21:43:25,00074BE89B,K21
2020-06-24 21:45:50,00074FA4F8,K21
2020-06-24 21:47:12,0007ACA1CE,K21
2020-06-24 21:47:19,00074F4107,K21
2020-06-24 21:47:34,00074F238E,K21
2020-06-24 21:49:19,0007AC4999,K21
2020-06-24 21:50:01,000786B5F7,K21
2020-06-24 21:50:36,0006B35440,K21
2020-06-24 21:51:05,00075D2562,K21
2020-06-24 21:52:20,000786B311,K21
2020-06-24 21:52:32,00071E101F,K21
2020-06-24 21:54:25,00075D1E39,K21
2020-06-24 21:54:43,00068E1A0D,K21
2020-06-24 21:54:52,00078850FB,K21
2020-06-24 21:55:11,0007ABEDDE,K21
2020-06-24 21:55:29,000770D8F5,K21
2020-06-24 22:14:20,00075D110D,K21
2020-06-24 22:26:19,00074FA4F8,K21
2020-06-24 22:38:01,00074BE89B,K21
2020-06-24 22:46:16,00075D2562,K21
2020-06-24 22:52:26,000770D8F5,K21
2020-06-24 22:54:00,00075D1E39,K21
2020-06-24 22:56:48,00074FA4F8,K21
2020-06-24 22:58:06,00074BE89B,K21
2020-06-24 23:07:29,00074F238E,K21
2020-06-24 23:09:13,00075D2562,K21
2020-06-24 23:15:53,00075D1E39,K21
2020-06-24 23:22:25,00074FA4F8,K21
2020-06-24 23:31:01,00074F238E,K21
2020-06-24 23:36:38,00074FA4F8,K21
2020-06-24 23:39:24,00075D1E39,K21
2020-06-24 23:40:49,0006B35440,K21
2020-06-24 23:45:32,000770D8F5,K21
2020-06-24 23:49:03,00074F4107,K21
2020-06-24 23:53:01,00071E101F,K21
2020-06-24 23:54:43,00075D2562,K21
2020-06-24 23:57:55,0006B35440,K21
2020-06-24 23:58:24,00075D1E39,K21
2020-06-25 00:00:00,000770D8F5,K21
2020-06-25 00:01:04,00074BE89B,K21
2020-06-25 00:06:43,0007ACA1CE,K21
2020-06-25 00:13:04,00074FA4F8,K21
2020-06-25 00:13:22,00074F4107,K21
2020-06-25 00:21:17,00074BE89B,K21
2020-06-25 00:26:53,00074F238E,K21
2020-06-25 00:28:15,0007ACA1CE,K21
2020-06-25 00:29:04,00075D2562,K21
2020-06-25 00:30:10,00074FA4F8,K21
2020-06-25 00:31:13,000786B5F7,K21
2020-06-25 00:33:18,00075D1E39,K21
2020-06-25 00:36:12,0007AC4999,K21
2020-06-25 00:43:54,0006B35440,K21
2020-06-25 00:47:31,00074F238E,K21
2020-06-25 00:55:36,000770D8F5,K21
2020-06-25 00:57:34,00071E101F,K21
2020-06-25 01:01:25,00074FA4F8,K21
2020-06-25 01:02:10,0006B35440,K21
2020-06-25 01:02:18,00074BE89B,K21
2020-06-25 01:02:36,00078850FB,K21
2020-06-25 01:03:01,00075D1E39,K21
2020-06-25 01:11:39,00075D2562,K21
2020-06-25 01:12:00,000770D8F5,K21
2020-06-25 01:22:11,00074BE89B,K21
2020-06-25 01:24:10,00071E101F,K21
2020-06-25 01:26:23,00074FA4F8,K21
2020-06-25 01:33:10,0007ACA1CE,K21
2020-06-25 01:35:17,00071E101F,K21
2020-06-25 01:44:52,00074F4107,K21
2020-06-25 01:45:13,00075D2562,K21
2020-06-25 01:50:40,00071E101F,K21
2020-06-25 01:50:49,0007ACA1CE,K21
2020-06-25 01:56:16,00074F238E,K21
2020-06-25 01:57:38,00075D1E39,K21
2020-06-25 02:01:29,00074BE89B,K21
2020-06-25 02:03:37,0007AC4999,K21
2020-06-25 02:06:29,00074F4107,K21
2020-06-25 02:10:29,000770D8F5,K21
2020-06-25 02:12:24,0006B35440,K21
2020-06-25 02:25:37,0006B35440,K21
2020-06-25 02:26:52,00074BE89B,K21
2020-06-25 02:28:21,00075D1E39,K21
2020-06-25 02:28:52,00074F238E,K21
2020-06-25 02:36:19,000770D8F5,K21
2020-06-25 02:37:14,00074FA4F8,K21
2020-06-25 02:40:22,00074F4107,K21
2020-06-25 02:51:51,000786B5F7,K21
2020-06-25 02:53:19,00075D2562,K21
2020-06-25 02:58:09,00071E101F,K21
2020-06-25 03:05:24,00074FA4F8,K21
2020-06-25 03:05:48,0006B35440,K21
2020-06-25 03:11:47,00074F4107,K21
2020-06-25 03:13:25,00071E101F,K21
2020-06-25 03:16:10,00075D1E39,K21
2020-06-25 03:23:54,00075D2562,K21
2020-06-25 03:31:11,00075D1E39,K21
2020-06-25 03:35:14,0006B35440,K21
2020-06-25 03:56:08,000770D8F5,K21
2020-06-25 03:59:55,00075D1E39,K21
2020-06-25 04:05:44,00074BE89B,K21
2020-06-25 04:05:57,00074FA4F8,K21
2020-06-25 04:06:08,0007AC4999,K21
2020-06-25 04:07:31,00068E1A0D,K21
2020-06-25 04:10:15,00075D110D,K21
2020-06-25 04:13:29,000786B5F7,K21
2020-06-25 04:14:13,00074F238E,K21
2020-06-25 04:14:41,00074F4107,K21
2020-06-25 04:15:01,0007ABEDDE,K21
2020-06-25 04:19:18,00078850FB,K21
2020-06-25 04:19:33,00071E101F,K21
2020-06-25 04:19:50,000786B311,K21
2020-06-25 04:21:28,00075D2562,K21
2020-06-25 04:25:04,0007ACA1CE,K21
2020-06-25 04:45:54,0006B35440,K21
2020-06-25 21:44:14,00074F4107,K21
2020-06-25 21:45:14,0007ACA1CE,K21
2020-06-25 21:45:31,00074FA4F8,K21
2020-06-25 21:48:16,0006B35440,K21
2020-06-25 21:48:25,00074BE89B,K21
2020-06-25 21:48:38,00075D2562,K21
2020-06-25 21:49:11,0007AC4999,K21
2020-06-25 21:51:52,000786B311,K21
2020-06-25 21:52:14,000786B5F7,K21
2020-06-25 21:52:35,00074F238E,K21
2020-06-25 21:52:44,00078850FB,K21
2020-06-25 21:57:33,000770D8F5,K21
2020-06-25 21:58:00,00068E1A0D,K21
2020-06-25 22:01:46,00075D1E39,K21
2020-06-25 22:07:15,00075D110D,K21
2020-06-25 22:43:26,00074FA4F8,K21
2020-06-25 22:55:37,00074BE89B,K21
2020-06-25 23:06:54,00075D2562,K21
2020-06-25 23:09:42,00074BE89B,K21
2020-06-25 23:10:42,00075D1E39,K21
2020-06-25 23:12:01,00074FA4F8,K21
2020-06-25 23:19:28,0007ACA1CE,K21
2020-06-25 23:27:52,00075D2562,K21
2020-06-25 23:36:09,00075D1E39,K21
2020-06-25 23:36:20,0007ACA1CE,K21
2020-06-25 23:37:25,00074F238E,K21
2020-06-25 23:40:25,0006B35440,K21
2020-06-25 23:41:54,00074F4107,K21
2020-06-25 23:50:25,00071E101F,K21
2020-06-25 23:50:49,00074FA4F8,K21
2020-06-25 23:51:17,0006B35440,K21
2020-06-25 23:57:11,00074BE89B,K21
2020-06-25 23:59:03,000770D8F5,K21
2020-06-26 00:07:44,00074F4107,K21
2020-06-26 00:11:39,00074FA4F8,K21
2020-06-26 00:14:56,00074F238E,K21
2020-06-26 00:15:06,00074BE89B,K21
2020-06-26 00:16:03,00075D2562,K21
2020-06-26 00:16:06,00075D1E39,K21
2020-06-26 00:17:22,000770D8F5,K21
2020-06-26 00:27:29,00071E101F,K21
2020-06-26 00:32:17,000786B5F7,K21
2020-06-26 00:34:18,00074FA4F8,K21
2020-06-26 00:40:29,00075D2562,K21
2020-06-26 00:43:25,00071E101F,K21
2020-06-26 00:44:04,00075D1E39,K21
2020-06-26 00:47:56,0006B35440,K21
2020-06-26 00:55:41,0007ACA1CE,K21
2020-06-26 00:58:22,00074FA4F8,K21
2020-06-26 01:00:46,0006B35440,K21
2020-06-26 01:07:23,000786B5F7,K21
2020-06-26 01:09:02,000770D8F5,K21
2020-06-26 01:15:31,0007ACA1CE,K21
2020-06-26 01:24:41,000770D8F5,K21
2020-06-26 01:26:35,00074BE89B,K21
2020-06-26 01:27:47,00074F4107,K21
2020-06-26 01:31:29,00075D1E39,K21
2020-06-26 01:34:29,00074F238E,K21
2020-06-26 01:44:47,00075D2562,K21
2020-06-26 01:45:20,00074BE89B,K21
2020-06-26 01:55:40,00074F238E,K21
2020-06-26 02:00:35,00074F4107,K21
2020-06-26 02:02:02,00071E101F,K21
2020-06-26 02:02:31,00074FA4F8,K21
2020-06-26 02:12:54,00075D2562,K21
2020-06-26 02:13:01,00075D1E39,K21
2020-06-26 02:15:22,000770D8F5,K21
2020-06-26 02:16:36,00071E101F,K21
2020-06-26 02:21:44,00074BE89B,K21
2020-06-26 02:29:47,0006B35440,K21
2020-06-26 02:29:53,00074FA4F8,K21
2020-06-26 02:30:17,000786B5F7,K21
2020-06-26 02:31:56,000770D8F5,K21
2020-06-26 02:33:44,0007AC4999,K21
2020-06-26 02:40:43,00074BE89B,K21
2020-06-26 02:40:55,0006B35440,K21
2020-06-26 02:54:30,00075D1E39,K21
2020-06-26 02:56:25,0007ACA1CE,K21
2020-06-26 03:23:00,00074F4107,K21
2020-06-26 03:23:52,0007ACA1CE,K21
2020-06-26 03:33:08,00074F4107,K21
2020-06-26 03:33:20,00075D2562,K21
2020-06-26 03:36:21,00074F238E,K21
2020-06-26 03:48:36,00075D2562,K21
2020-06-26 03:49:50,00071E101F,K21
2020-06-26 03:50:17,00074F4107,K21
2020-06-26 03:51:38,0007ACA1CE,K21
2020-06-26 03:59:05,00074F238E,K21
2020-06-26 03:59:13,00074FA4F8,K21
2020-06-26 04:04:41,00074F4107,K21
2020-06-26 04:09:15,00074F238E,K21
2020-06-26 04:10:47,00074FA4F8,K21
2020-06-26 04:11:07,00075D2562,K21
2020-06-26 04:12:19,000770D8F5,K21
2020-06-26 04:15:25,00074F4107,K21
2020-06-26 04:20:08,0007ACA1CE,K21
2020-06-26 04:21:33,00074FA4F8,K21
2020-06-26 04:23:53,00075D2562,K21
2020-06-26 04:24:37,000770D8F5,K21
2020-06-26 04:26:42,00074F4107,K21
2020-06-26 04:32:58,00074FA4F8,K21
2020-06-26 04:33:19,00074F238E,K21
2020-06-26 04:38:44,0007ACA1CE,K21
2020-06-26 04:44:31,00071E101F,K21
2020-06-26 04:45:21,00074FA4F8,K21
2020-06-26 04:48:22,00075D2562,K21
2020-06-26 04:49:08,00074F238E,K21
2020-06-26 04:51:15,000770D8F5,K21
2020-06-26 04:55:00,00074F4107,K21
2020-06-26 04:55:54,00074FA4F8,K21
2020-06-26 05:09:02,00074FA4F8,K21
2020-06-26 12:51:38,00074BE89B,K7
2020-06-26 14:03:34,000770D8F5,K7
2020-06-26 21:10:31,00074FA4F8,K7
2020-06-26 21:21:05,00074FA4F8,K7
2020-06-26 21:22:18,00071E101F,K7
2020-06-26 21:22:51,00074F238E,K7
2020-06-26 21:23:35,000770D8F5,K7
2020-06-26 21:24:21,0007ACA1CE,K7
2020-06-26 21:24:31,00075D2562,K7
2020-06-26 21:25:44,00074BE89B,K7
2020-06-26 21:31:03,0007AC4999,K7
2020-06-26 21:31:14,00074F4107,K7
2020-06-26 21:32:08,00078850FB,K7
2020-06-26 21:33:12,0006B35440,K7
2020-06-26 21:34:00,0007ABEDDE,K7
2020-06-26 21:34:33,000786B5F7,K7
2020-06-26 21:34:41,00074FA4F8,K21
2020-06-26 21:34:42,000786B311,K7
2020-06-26 21:37:49,00068E1A0D,K7
2020-06-26 21:46:43,00074FA4F8,K21
2020-06-26 21:48:32,00075D110D,K7
2020-06-26 21:54:34,00075D2562,K21
2020-06-26 21:56:23,00074F4107,K21
2020-06-26 21:58:14,00074FA4F8,K21
2020-06-26 21:58:43,000770D8F5,K21
2020-06-26 22:01:28,00075D1E39,K7
2020-06-26 22:08:01,00074F4107,K21
2020-06-26 22:26:58,00074F238E,K21
2020-06-26 22:29:01,00074FA4F8,K21
2020-06-26 22:32:05,00071E101F,K21
2020-06-26 22:36:57,00074BE89B,K7
2020-06-26 22:39:36,00075D2562,K7
2020-06-26 22:42:11,00071E101F,K21
2020-06-26 22:42:37,00074F4107,K21
2020-06-26 22:47:20,00074FA4F8,K21
2020-06-26 22:49:52,000770D8F5,K21
2020-06-26 22:53:40,00071E101F,K21
2020-06-26 22:59:14,00074F4107,K7
2020-06-26 23:09:07,00075D1E39,K7
2020-06-26 23:18:05,00074BE89B,K7
2020-06-26 23:19:26,00075D1E39,K7
2020-06-26 23:20:06,00075D2562,K7
2020-06-26 23:27:02,0006B35440,K7
2020-06-26 23:38:31,00071E101F,K21
2020-06-26 23:43:52,000770D8F5,K21
2020-06-26 23:50:21,00074F238E,K7
2020-06-26 23:51:45,00074F4107,K7
2020-06-26 23:52:21,00074FA4F8,K21
2020-06-27 00:02:03,000770D8F5,K21
2020-06-27 00:12:04,00075D1E39,K7
2020-06-27 00:14:06,000770D8F5,K21
2020-06-27 00:22:15,00075D1E39,K7
2020-06-27 00:28:36,000770D8F5,K21
2020-06-27 00:38:37,00075D1E39,K7
2020-06-27 00:56:44,00075D1E39,K7
2020-06-27 01:16:43,00075D2562,K7
2020-06-27 01:38:43,000770D8F5,K21
2020-06-27 01:59:48,00074FA4F8,K21
2020-06-27 03:04:11,00074FA4F8,K21
2020-06-27 03:24:54,000770D8F5,K21
2020-06-27 03:33:25,00074FA4F8,K21
2020-06-27 03:46:35,00074FA4F8,K21
2020-06-27 04:00:37,000770D8F5,K21
2020-06-27 04:04:27,00074FA4F8,K21
2020-06-27 21:33:39,00074FA4F8,K99
2020-06-27 21:35:25,0006B35440,K99
2020-06-27 21:36:39,000770D8F5,K99
2020-06-27 21:38:06,00074F238E,K99
2020-06-27 21:38:27,0007AC4999,K281
2020-06-27 21:39:43,00071E101F,K99
2020-06-27 21:39:56,000786B5F7,K99
2020-06-27 21:39:59,00078850FB,K99
2020-06-27 21:40:06,00074BE89B,K99
2020-06-27 21:40:10,000786B311,K99
2020-06-27 21:40:57,00075D2562,K99
2020-06-27 21:43:03,00074F4107,K281
2020-06-27 21:44:45,0007ABEDDE,K281
2020-06-27 21:45:29,0007ACA1CE,K281
2020-06-27 21:45:54,00068E1A0D,K281
2020-06-27 21:52:38,00075D110D,K99
2020-06-27 21:54:31,00074F4107,K99
2020-06-27 21:57:03,00075D1E39,K99
2020-06-27 22:07:06,00074F4107,K281
2020-06-27 22:20:18,0007ACA1CE,K99
2020-06-27 22:26:12,00074BE89B,K281
2020-06-27 22:37:54,0007ACA1CE,K281
2020-06-27 22:43:33,00074BE89B,K99
2020-06-27 22:58:03,00075D2562,K99
2020-06-27 23:03:43,00074FA4F8,K281
2020-06-27 23:04:02,00071E101F,K281
2020-06-27 23:06:12,00074BE89B,K281
2020-06-27 23:08:34,00075D1E39,K281
2020-06-27 23:10:53,00075D2562,K99
2020-06-27 23:18:15,00074F4107,K281
2020-06-27 23:21:28,00074FA4F8,K281
2020-06-27 23:21:46,0006B35440,K281
2020-06-27 23:22:25,00074BE89B,K281
2020-06-27 23:33:55,0006B35440,K99
2020-06-27 23:36:37,00071E101F,K281
2020-06-27 23:46:03,00075D1E39,K99
2020-06-27 23:47:19,00071E101F,K99
2020-06-27 23:51:36,00074F238E,K99
2020-06-27 23:52:29,00074BE89B,K99
2020-06-28 00:09:25,0006B35440,K281
2020-06-28 00:12:56,00074BE89B,K99
2020-06-28 00:21:15,00075D2562,K99
2020-06-28 00:23:05,00074BE89B,K99
2020-06-28 00:32:15,00074F4107,K99
2020-06-28 00:41:26,000770D8F5,K281
2020-06-28 00:41:58,00074BE89B,K281
2020-06-28 00:52:05,00074BE89B,K281
2020-06-28 00:56:30,00074F4107,K281
2020-06-28 01:22:14,00075D2562,K281
2020-06-28 01:26:12,00074BE89B,K281
2020-06-28 01:33:09,00075D2562,K281
2020-06-28 01:37:09,0007AC4999,K281
2020-06-28 01:41:50,00075D1E39,K281
2020-06-28 01:44:19,00078850FB,K281
2020-06-28 01:44:28,00075D2562,K281
2020-06-28 01:44:32,00075D110D,K281
2020-06-28 01:44:38,00068E1A0D,K281
2020-06-28 01:46:31,000770D8F5,K281
2020-06-28 01:47:14,00071E101F,K281
2020-06-28 01:49:19,0007ACA1CE,K281
2020-06-28 01:53:29,00074F4107,K281
2020-06-28 01:56:57,00074FA4F8,K281
2020-06-28 01:57:10,000770D8F5,K281
2020-06-28 01:59:13,00075D2562,K281
2020-06-28 02:00:18,00074F238E,K281
2020-06-28 02:02:52,0006B35440,K281
2020-06-28 02:04:22,0007ACA1CE,K281
2020-06-28 02:08:55,00074F4107,K281
2020-06-28 02:10:44,00074BE89B,K281
2020-06-28 02:10:50,00078850FB,K281
2020-06-28 02:17:13,000770D8F5,K281
2020-06-28 02:18:09,00074FA4F8,K281
2020-06-28 02:18:19,000786B5F7,K281
2020-06-28 02:24:06,00075D110D,K281
2020-06-28 02:27:59,00074F238E,K281
2020-06-28 02:30:59,00075D2562,K281
2020-06-28 02:32:21,000786B5F7,K281
2020-06-28 02:39:30,00075D1E39,K281
2020-06-28 02:42:30,00074BE89B,K281
2020-06-28 02:49:05,00075D2562,K281
2020-06-28 02:51:23,00071E101F,K281
2020-06-28 02:52:11,00074F238E,K281
2020-06-28 03:03:02,00074F4107,K281
2020-06-28 03:15:09,0006B35440,K281
2020-06-28 03:15:29,000786B5F7,K281
2020-06-28 03:17:18,00074BE89B,K281
2020-06-28 03:20:22,00074F4107,K281
2020-06-28 03:25:57,0007ABEDDE,K281
2020-06-28 03:27:07,0006B35440,K281
2020-06-28 03:39:31,00075D2562,K281
2020-06-28 03:40:15,00074BE89B,K281
2020-06-28 03:42:51,00071E101F,K281
2020-06-28 04:12:55,00074FA4F8,K281
2020-06-28 04:13:07,0007AC4999,K281
2020-06-28 04:14:10,00074BE89B,K281
2020-06-28 04:23:15,0007AC4999,K281
2020-06-28 04:24:48,0007ABEDDE,K281
2020-06-28 04:26:07,00075D110D,K281
2020-06-28 04:26:15,00068E1A0D,K281
2020-06-28 04:27:54,0007ACA1CE,K281
2020-06-28 04:32:20,00074BE89B,K281
2020-06-28 04:34:27,0007AC4999,K281
2020-06-28 04:38:42,00075D2562,K281
2020-06-28 04:39:13,000786B311,K281
2020-06-28 04:44:42,00074FA4F8,K281
2020-06-28 04:46:00,0006B35440,K281
2020-06-28 21:40:37,00074F4107,K281
2020-06-28 21:49:33,00074F238E,K281
2020-06-28 21:52:29,00071E101F,K281
2020-06-28 21:58:16,00068E1A0D,K281
2020-06-28 21:59:11,00074BE89B,K281
2020-06-28 21:59:30,00075D1E39,K281
2020-06-28 21:59:49,00075D2562,K281
2020-06-28 21:59:51,000786B311,K281
2020-06-28 21:59:58,00074FA4F8,K281
2020-06-28 22:00:06,00078850FB,K281
2020-06-28 22:00:21,0007AC4999,K281
2020-06-28 22:00:27,000786B5F7,K281
2020-06-28 22:00:31,0007ACA1CE,K281
2020-06-28 22:00:36,0006B35440,K281
2020-06-28 22:01:53,000770D8F5,K281
2020-06-28 22:02:31,0007ABEDDE,K281
2020-06-28 22:26:24,00075D110D,K281
2020-06-28 23:35:53,00075D1E39,K281
2020-06-28 23:45:33,00074BE89B,K281
2020-06-29 00:06:45,0006B35440,K281
2020-06-29 00:09:44,000770D8F5,K281
2020-06-29 00:13:35,00074BE89B,K281
2020-06-29 00:16:15,00074F4107,K281
2020-06-29 00:16:36,00071E101F,K281
2020-06-29 00:16:53,00074F238E,K281
2020-06-29 00:20:16,0006B35440,K281
2020-06-29 00:33:43,00075D1E39,K281
2020-06-29 00:43:16,00075D2562,K281
2020-06-29 00:49:19,00074F238E,K281
2020-06-29 01:00:21,00074F238E,K281
2020-06-29 01:06:23,000770D8F5,K281
2020-06-29 01:15:53,00074BE89B,K281
2020-06-29 01:18:29,00074FA4F8,K281
2020-06-29 01:18:58,000770D8F5,K281
2020-06-29 01:19:31,00074F238E,K281
2020-06-29 01:30:30,00075D1E39,K281
2020-06-29 01:35:45,00071E101F,K281
2020-06-29 01:43:23,00074F4107,K281
2020-06-29 01:47:43,000786B5F7,K281
2020-06-29 01:57:42,00074F4107,K281
2020-06-29 02:03:05,0006B35440,K281
2020-06-29 02:13:56,00074F238E,K281
2020-06-29 02:18:45,0007ACA1CE,K281
2020-06-29 02:21:58,0006B35440,K281
2020-06-29 02:24:01,00074F238E,K281
2020-06-29 02:31:31,00071E101F,K281
2020-06-29 02:31:51,00075D1E39,K281
2020-06-29 02:36:24,0007ACA1CE,K281
2020-06-29 02:58:13,000770D8F5,K281
2020-06-29 03:02:14,00074BE89B,K281
2020-06-29 03:09:56,000770D8F5,K281
2020-06-29 03:18:30,00075D1E39,K281
2020-06-29 03:18:41,00071E101F,K281
2020-06-29 03:21:21,00074F4107,K281
2020-06-29 04:02:12,00075D1E39,K281
2020-06-29 04:08:20,000786B5F7,K281
2020-06-29 04:14:52,0007AC4999,K281
2020-06-29 04:14:57,00075D110D,K281
2020-06-29 04:17:30,000770D8F5,K281
2020-06-29 04:18:09,00078850FB,K281
2020-06-29 04:18:45,00074FA4F8,K281
2020-06-29 04:19:44,000786B311,K281
2020-06-29 04:22:41,00074F238E,K281
2020-06-29 04:25:07,00075D2562,K281
2020-06-29 04:26:18,0007ACA1CE,K281
2020-06-29 04:29:59,00071E101F,K281
2020-06-29 04:38:20,00074F4107,K281
2020-06-29 21:52:12,00074F238E,K281
2020-06-29 21:52:31,00075D2562,K281
2020-06-29 21:52:34,00074F4107,K281
2020-06-29 21:52:49,00071E101F,K281
2020-06-29 22:00:28,000770D8F5,K281
2020-06-29 22:01:02,0007ACA1CE,K281
2020-06-29 22:03:06,0007AC4999,K281
2020-06-29 22:03:14,00074BE89B,K281
2020-06-29 22:05:05,000786B5F7,K281
2020-06-29 22:07:29,0007ABEDDE,K281
2020-06-29 22:07:57,000786B311,K281
2020-06-29 22:08:02,00075D1E39,K281
2020-06-29 22:09:30,00068E1A0D,K281
2020-06-29 22:09:39,0006B35440,K281
2020-06-29 22:09:56,00074FA4F8,K281
2020-06-29 22:10:15,00078850FB,K281
2020-06-29 22:16:17,00075D110D,K281
2020-06-29 23:40:45,00074F4107,K281
2020-06-29 23:49:51,000770D8F5,K281
2020-06-29 23:51:10,00071E101F,K281
2020-06-29 23:54:34,0006B35440,K281
2020-06-30 00:02:21,00074F238E,K281
2020-06-30 00:20:35,00071E101F,K281
2020-06-30 00:25:31,00075D1E39,K281
2020-06-30 00:35:49,00075D2562,K281
2020-06-30 00:39:56,0007ACA1CE,K281
2020-06-30 00:41:41,0006B35440,K281
2020-06-30 00:42:39,00075D1E39,K281
2020-06-30 00:43:01,00074F238E,K281
2020-06-30 00:46:04,00071E101F,K281
2020-06-30 00:52:45,00075D2562,K281
2020-06-30 00:52:48,0007ACA1CE,K281
2020-06-30 01:02:40,000770D8F5,K281
2020-06-30 01:05:16,0006B35440,K281
2020-06-30 01:11:37,00074BE89B,K281
2020-06-30 01:13:01,00075D1E39,K281
2020-06-30 01:13:37,000770D8F5,K281
2020-06-30 01:18:54,0006B35440,K281
2020-06-30 01:24:23,00075D1E39,K281
2020-06-30 01:26:12,000770D8F5,K281
2020-06-30 01:30:04,00074F4107,K281
2020-06-30 01:47:40,00071E101F,K281
2020-06-30 01:55:42,00074F238E,K281
2020-06-30 02:08:16,00075D2562,K281
2020-06-30 02:22:15,00074F4107,K281
2020-06-30 02:55:46,00071E101F,K281
2020-06-30 02:57:53,00075D1E39,K281
2020-06-30 02:58:08,00074FA4F8,K281
2020-06-30 03:03:20,0006B35440,K281
2020-06-30 03:09:31,00071E101F,K281
2020-06-30 03:14:14,0006B35440,K281
2020-06-30 03:14:48,00075D2562,K281
2020-06-30 03:21:53,00074F4107,K281
2020-06-30 03:22:02,000770D8F5,K281
2020-06-30 03:23:49,0007ACA1CE,K281
2020-06-30 03:29:44,00074F238E,K281
2020-06-30 03:33:01,000770D8F5,K281
2020-06-30 03:35:19,0007ACA1CE,K281
2020-06-30 03:41:53,00074F238E,K281
2020-06-30 04:03:34,00074F4107,K281
2020-06-30 04:16:30,0007AC4999,K281
2020-06-30 04:18:36,00074FA4F8,K281
2020-06-30 04:20:45,000786B5F7,K281
2020-06-30 04:20:56,0006B35440,K281
2020-06-30 04:21:25,00075D110D,K281
2020-06-30 04:21:32,000786B311,K281
2020-06-30 04:21:38,000770D8F5,K281
2020-06-30 04:22:02,00074BE89B,K281
2020-06-30 04:30:18,0007ACA1CE,K281
2020-06-30 04:31:41,0007ABEDDE,K281
2020-06-30 04:32:26,00075D2562,K281
2020-06-30 21:38:55,00075D2562,K281
2020-06-30 21:45:45,00071E101F,K281
2020-06-30 21:46:00,00074F238E,K281
2020-06-30 21:47:20,0007ACA1CE,K281
2020-06-30 21:47:54,00074F4107,K281
2020-06-30 21:49:18,000770D8F5,K281
2020-06-30 21:54:15,00078850FB,K281
2020-06-30 21:54:30,00074FA4F8,K281
2020-06-30 21:54:40,0006B35440,K281
2020-06-30 21:54:51,00074BE89B,K281
2020-06-30 21:54:53,0007AC4999,K281
2020-06-30 21:56:26,000786B311,K281
2020-06-30 21:56:28,00068E1A0D,K281
2020-06-30 21:56:32,000786B5F7,K281
2020-06-30 21:56:34,0007ABEDDE,K281
2020-06-30 21:57:10,00075D1E39,K281
2020-06-30 22:05:31,00075D110D,K281
2020-06-30 23:17:59,00075D2562,K281
2020-06-30 23:32:28,0006B35440,K281
2020-06-30 23:33:50,00074F4107,K281
2020-06-30 23:46:58,00074F238E,K281
2020-06-30 23:47:34,00074F4107,K281
2020-07-01 00:14:24,000770D8F5,K281
2020-07-01 00:47:20,00071E101F,K281
2020-07-01 00:49:49,00075D2562,K281
2020-07-01 00:57:22,00071E101F,K281
2020-07-01 01:01:56,00074F4107,K281
2020-07-01 01:02:46,000770D8F5,K281
2020-07-01 01:03:51,00075D1E39,K281
2020-07-01 01:04:47,0007ACA1CE,K281
2020-07-01 01:10:41,00075D2562,K281
2020-07-01 01:18:54,0006B35440,K281
2020-07-01 01:19:46,00074F238E,K281
2020-07-01 01:21:40,00074F4107,K281
2020-07-01 01:24:21,0007ACA1CE,K281
2020-07-01 01:36:26,00074F238E,K281
2020-07-01 02:00:57,00075D2562,K281
2020-07-01 02:08:22,000770D8F5,K281
2020-07-01 02:09:02,00071E101F,K281
2020-07-01 02:19:03,000770D8F5,K281
2020-07-01 02:26:02,00074FA4F8,K281
2020-07-01 02:45:11,00075D2562,K281
2020-07-01 02:45:18,0006B35440,K281
2020-07-01 02:58:03,00075D2562,K281
2020-07-01 03:07:39,00075D1E39,K281
2020-07-01 03:11:39,00074F238E,K281
2020-07-01 03:16:36,00071E101F,K281
2020-07-01 03:21:33,00074F4107,K281
2020-07-01 03:32:17,00075D2562,K281
2020-07-01 03:34:02,0007ACA1CE,K281
2020-07-01 03:49:52,0007ACA1CE,K281
2020-07-01 04:10:34,00074BE89B,K281
2020-07-01 04:16:45,00074FA4F8,K281
2020-07-01 04:17:57,00075D110D,K281
2020-07-01 04:18:13,0007ACA1CE,K281
2020-07-01 04:26:16,00075D2562,K281
2020-07-01 04:27:13,0006B35440,K281
2020-07-01 04:27:42,00074F4107,K281
2020-07-01 04:29:29,000770D8F5,K281
2020-07-01 04:29:42,000786B311,K281
2020-07-01 04:30:12,0007ABEDDE,K281
2020-07-01 04:31:37,0007AC4999,K281
2020-07-01 04:35:54,00074BE89B,K281
2020-07-01 04:41:00,00075D2562,K281
2020-07-01 04:51:16,00075D2562,K281
2020-07-01 04:54:55,0006B35440,K281
2020-07-01 21:45:07,0007ACA1CE,K281
2020-07-01 21:45:20,00074F4107,K281
2020-07-01 21:45:50,00074F238E,K281
2020-07-01 21:46:06,00071E101F,K281
2020-07-01 21:46:08,00075D2562,K281
2020-07-01 21:46:13,00075D1E39,K281
2020-07-01 21:47:05,0006B35440,K281
2020-07-01 21:48:24,000770D8F5,K281
2020-07-01 21:48:57,00074FA4F8,K281
2020-07-01 21:49:16,000786B311,K281
2020-07-01 21:49:43,0007AC4999,K281
2020-07-01 21:49:54,000786B5F7,K281
2020-07-01 21:50:08,00074BE89B,K281
2020-07-01 21:52:21,00078850FB,K281
2020-07-01 21:53:53,00068E1A0D,K281
2020-07-01 21:54:17,0007ABEDDE,K281
2020-07-01 22:07:12,00075D110D,K281
2020-07-01 23:47:31,00075D2562,K281
2020-07-01 23:50:26,00075D1E39,K281
2020-07-01 23:55:42,0007ACA1CE,K281
2020-07-02 00:06:02,0006B35440,K281
2020-07-02 00:09:29,0007ACA1CE,K281
2020-07-02 00:09:56,00074F4107,K281
2020-07-02 00:14:13,000770D8F5,K281
2020-07-02 00:35:19,00074F238E,K281
2020-07-02 01:02:03,00071E101F,K281
2020-07-02 01:21:58,00074F4107,K281
2020-07-02 01:36:13,0006B35440,K281
2020-07-02 01:48:16,00075D2562,K281
2020-07-02 01:59:17,00074F238E,K281
2020-07-02 02:08:12,00075D2562,K281
2020-07-02 02:09:25,00074F238E,K281
2020-07-02 02:13:35,00075D1E39,K281
2020-07-02 02:19:50,00074BE89B,K281
2020-07-02 02:24:12,00075D1E39,K281
2020-07-02 02:25:43,0006B35440,K281
2020-07-02 02:27:02,0007ACA1CE,K281
2020-07-02 02:41:16,000770D8F5,K281
2020-07-02 02:41:32,0007ACA1CE,K281
2020-07-02 02:55:34,00074F4107,K281
2020-07-02 03:06:09,00075D2562,K281
2020-07-02 03:08:36,00071E101F,K281
2020-07-02 03:10:06,00074F238E,K281
2020-07-02 03:42:59,0006B35440,K281
2020-07-02 03:44:04,00075D2562,K281
2020-07-02 03:44:30,0007ACA1CE,K281
2020-07-02 03:50:20,00074F4107,K281
2020-07-02 04:27:29,00075D110D,K281
2020-07-02 04:27:54,00074FA4F8,K281
2020-07-02 04:35:28,000786B311,K281
2020-07-02 04:35:47,00074BE89B,K281
2020-07-02 04:38:45,00075D1E39,K281
2020-07-02 04:40:12,00075D2562,K281
2020-07-02 04:49:29,0007ACA1CE,K281
2020-07-02 04:49:49,00068E1A0D,K281
2020-07-02 04:50:55,0007AC4999,K281
2020-07-02 04:51:00,0007ABEDDE,K281
2020-07-02 04:51:46,00074F4107,K281
2020-07-02 16:36:17,000770D8F5,K281
2020-07-02 21:41:58,0007ACA1CE,K281
2020-07-02 21:42:23,00075D1E39,K281
2020-07-02 21:43:51,00074F238E,K281
2020-07-02 21:45:52,00075D2562,K281
2020-07-02 21:46:12,00071E101F,K281
2020-07-02 21:46:21,00074F4107,K281
2020-07-02 21:52:39,00068E1A0D,K281
2020-07-02 21:53:02,000786B5F7,K281
2020-07-02 21:53:12,0007ABEDDE,K281
2020-07-02 21:53:15,0007AC4999,K281
2020-07-02 21:54:25,000770D8F5,K281
2020-07-02 21:54:52,0006B35440,K281
2020-07-02 21:55:27,000786B311,K281
2020-07-02 21:55:49,00074BE89B,K281
2020-07-02 21:56:16,00078850FB,K281
2020-07-02 21:56:31,00074FA4F8,K281
2020-07-02 22:11:50,00074FA4F8,K281
2020-07-02 22:16:19,00075D110D,K281
2020-07-02 22:58:16,000770D8F5,K281
2020-07-02 23:19:42,00075D2562,K281
2020-07-02 23:21:15,00074F4107,K281
2020-07-02 23:22:32,00075D1E39,K281
2020-07-02 23:33:25,00075D2562,K281
2020-07-02 23:33:52,00074F4107,K281
2020-07-02 23:36:08,000770D8F5,K281
2020-07-02 23:51:56,00074F238E,K281
2020-07-03 00:14:18,0006B35440,K281
2020-07-03 00:14:22,000770D8F5,K281
2020-07-03 00:23:21,0007ACA1CE,K281
2020-07-03 00:26:50,0006B35440,K281
2020-07-03 00:30:21,000770D8F5,K281
2020-07-03 00:30:54,00074F4107,K281
2020-07-03 00:42:25,000770D8F5,K281
2020-07-03 00:46:39,00071E101F,K281
2020-07-03 00:47:50,00075D1E39,K281
2020-07-03 00:49:23,00074F4107,K281
2020-07-03 00:53:47,000770D8F5,K281
2020-07-03 01:14:14,000770D8F5,K281
2020-07-03 01:15:49,00074F238E,K281
2020-07-03 01:23:30,00075D1E39,K281
2020-07-03 01:27:06,00075D2562,K281
2020-07-03 01:36:26,00071E101F,K281
2020-07-03 01:40:39,000770D8F5,K281
2020-07-03 01:45:32,00075D1E39,K281
2020-07-03 01:46:09,00075D2562,K281
2020-07-03 01:53:45,000770D8F5,K281
2020-07-03 02:02:16,0007ABEDDE,K281
2020-07-03 02:06:46,00074F4107,K281
2020-07-03 02:13:19,00074F238E,K281
2020-07-03 02:16:14,0006B35440,K281
2020-07-03 02:24:06,00075D1E39,K281
2020-07-03 02:24:20,00074F4107,K281
2020-07-03 02:39:28,000770D8F5,K281
2020-07-03 02:41:49,0007ACA1CE,K281
2020-07-03 02:50:07,0006B35440,K281
2020-07-03 02:56:50,00071E101F,K281
2020-07-03 02:59:29,00074F4107,K281
2020-07-03 03:12:10,00071E101F,K281
2020-07-03 03:15:27,000770D8F5,K281
2020-07-03 03:23:54,00075D2562,K281
2020-07-03 03:25:33,000770D8F5,K281
2020-07-03 03:36:34,000770D8F5,K281
2020-07-03 03:43:44,00071E101F,K281
2020-07-03 03:44:18,00075D1E39,K281
2020-07-03 03:50:59,000770D8F5,K281
2020-07-03 04:17:48,00074BE89B,K281
2020-07-03 04:18:11,00075D110D,K281
2020-07-03 04:19:54,0006B35440,K281
2020-07-03 04:21:32,000770D8F5,K281
2020-07-03 04:34:44,000770D8F5,K281
2020-07-03 05:05:29,000770D8F5,K281
2020-07-03 21:29:24,00075D2562,K23
2020-07-03 21:39:51,00075D2562,K23
2020-07-03 21:40:03,00071E101F,K23
2020-07-03 21:40:08,00074F4107,K23
2020-07-03 21:41:26,0007AC4999,K23
2020-07-03 21:41:52,00075D1E39,K23
2020-07-03 21:42:39,00078850FB,K23
2020-07-03 21:44:12,00074F238E,K23
2020-07-03 21:47:17,0007ACA1CE,K23
2020-07-03 21:47:59,0006B35440,K23
2020-07-03 21:50:14,000770D8F5,K23
2020-07-03 21:50:19,000786B311,K23
2020-07-03 21:51:34,00068E1A0D,K23
2020-07-03 21:51:42,0007ABEDDE,K23
2020-07-03 21:52:29,00074FA4F8,K23
2020-07-03 21:52:50,00074BE89B,K23
2020-07-03 22:47:56,00075D1E39,K23
2020-07-03 22:58:34,00075D1E39,K23
2020-07-03 23:00:04,000770D8F5,K23
2020-07-03 23:27:43,00075D2562,K23
2020-07-03 23:39:47,00075D2562,K23
2020-07-03 23:39:58,00074F4107,K23
2020-07-03 23:46:13,00071E101F,K23
2020-07-03 23:51:38,00074F238E,K23
2020-07-04 00:00:40,0006B35440,K23
2020-07-04 00:07:00,00075D1E39,K23
2020-07-04 00:20:08,00075D1E39,K23
2020-07-04 00:20:20,0006B35440,K23
2020-07-04 00:28:10,00071E101F,K23
2020-07-04 00:31:22,0007ACA1CE,K23
2020-07-04 00:42:31,00074F4107,K23
2020-07-04 00:49:29,00075D2562,K23
2020-07-04 00:59:39,00074F4107,K23
2020-07-04 01:00:20,00074F238E,K23
2020-07-04 01:01:52,000770D8F5,K23
2020-07-04 01:13:37,00075D2562,K23
2020-07-04 01:23:38,00075D1E39,K23
2020-07-04 01:24:42,00071E101F,K23
2020-07-04 01:48:35,0006B35440,K23
2020-07-04 01:48:55,000786B5F7,K23
2020-07-04 02:02:01,00074F238E,K23
2020-07-04 02:04:14,00074F4107,K23
2020-07-04 02:15:04,00075D2562,K23
2020-07-04 02:16:56,000770D8F5,K23
2020-07-04 02:21:16,0007ACA1CE,K23
2020-07-04 02:28:37,00074F238E,K23
2020-07-04 02:31:47,000770D8F5,K23
2020-07-04 02:34:00,00074FA4F8,K23
2020-07-04 02:34:17,00075D1E39,K23
2020-07-04 02:40:49,00075D2562,K23
2020-07-04 03:18:55,00071E101F,K23
2020-07-04 03:20:28,00074F238E,K23
2020-07-04 03:21:34,00075D2562,K23
2020-07-04 03:25:35,0006B35440,K23
2020-07-04 03:28:41,0007ACA1CE,K23
2020-07-04 03:30:16,00075D1E39,K23
2020-07-04 03:36:30,00075D2562,K23
2020-07-04 03:37:34,000770D8F5,K23
2020-07-04 03:47:50,00074F4107,K23
2020-07-04 04:12:47,0007AC4999,K23
2020-07-04 04:19:34,000786B5F7,K23
2020-07-04 04:20:25,00075D110D,K23
2020-07-04 04:24:27,000786B311,K23
2020-07-04 04:26:38,00075D1E39,K23
2020-07-04 04:33:50,000770D8F5,K23
2020-07-04 04:34:44,00075D2562,K23
2020-07-04 21:41:29,00075D2562,K23
2020-07-04 21:43:30,00074F4107,K23
2020-07-04 21:44:06,00075D1E39,K23
2020-07-04 21:45:02,00074F238E,K23
2020-07-04 21:45:06,0007ACA1CE,K23
2020-07-04 21:47:15,0007AC4999,K23
2020-07-04 21:47:42,000770D8F5,K23
2020-07-04 21:48:51,00071E101F,K23
2020-07-04 21:49:30,00078850FB,K23
2020-07-04 21:50:10,00068E1A0D,K23
2020-07-04 21:50:34,0006B35440,K23
2020-07-04 21:52:03,000786B311,K23
2020-07-04 21:55:19,00074BE89B,K23
2020-07-04 21:55:29,00074FA4F8,K23
2020-07-04 21:55:39,000786B5F7,K23
2020-07-04 21:55:42,00075D110D,K23
2020-07-04 22:34:56,00074F4107,K23
2020-07-04 23:16:09,00071E101F,K23
2020-07-04 23:30:49,0007ACA1CE,K23
2020-07-04 23:36:32,00075D2562,K23
2020-07-04 23:47:34,00075D2562,K23
2020-07-04 23:48:10,0006B35440,K23
2020-07-04 23:49:31,00075D1E39,K23
2020-07-05 00:16:20,00074F4107,K23
2020-07-05 00:52:18,00075D2562,K23
2020-07-05 01:03:54,00075D1E39,K23
2020-07-05 01:05:06,0006B35440,K23
2020-07-05 01:08:11,00075D2562,K23
2020-07-05 01:28:58,0007ACA1CE,K23
2020-07-05 01:32:46,00074F238E,K23
2020-07-05 01:36:24,00071E101F,K23
2020-07-05 01:45:18,00074F4107,K23
2020-07-05 01:47:02,00075D1E39,K23
2020-07-05 01:55:23,00074F238E,K23
2020-07-05 01:59:27,000770D8F5,K23
2020-07-05 02:09:51,00075D1E39,K23
2020-07-05 02:12:04,00071E101F,K23
2020-07-05 02:15:35,0006B35440,K23
2020-07-05 02:17:21,00075D2562,K23
2020-07-05 02:25:52,0006B35440,K23
2020-07-05 02:28:17,00074F238E,K23
2020-07-05 02:29:34,000786B5F7,K23
2020-07-05 02:36:27,00075D2562,K23
2020-07-05 02:42:27,00071E101F,K23
2020-07-05 02:53:50,00075D1E39,K23
2020-07-05 02:59:02,00074F4107,K23
2020-07-05 03:02:54,0007ACA1CE,K23
2020-07-05 03:06:11,0006B35440,K23
2020-07-05 03:06:34,00074F238E,K23
2020-07-05 03:24:35,00075D1E39,K23
2020-07-05 03:29:36,00071E101F,K23
2020-07-05 03:31:16,0006B35440,K23
2020-07-05 03:33:51,00075D2562,K23
2020-07-05 03:36:42,00075D1E39,K23
2020-07-05 03:37:40,00074F4107,K23
2020-07-05 04:27:04,00078850FB,K23
2020-07-05 04:28:49,000770D8F5,K23
2020-07-05 04:34:27,00074F238E,K23
2020-07-05 04:38:54,000786B5F7,K23
2020-07-05 04:40:00,00075D2562,K23
2020-07-05 04:46:21,0006B35440,K23
2020-07-05 04:46:29,0007AC4999,K23
2020-07-05 04:52:59,00075D2562,K23
2020-07-05 04:55:33,000770D8F5,K23
2020-07-05 21:36:14,00071E101F,K23
2020-07-05 21:37:03,00075D2562,K23
2020-07-05 21:37:12,00075D1E39,K23
2020-07-05 21:37:31,00074F238E,K23
2020-07-05 21:38:14,00068E1A0D,K23
2020-07-05 21:39:21,0007ACA1CE,K23
2020-07-05 21:40:21,0006B35440,K23
2020-07-05 21:43:23,0007AC4999,K23
2020-07-05 21:46:44,000770D8F5,K23
2020-07-05 21:47:41,00074FA4F8,K109
2020-07-05 21:48:00,000786B5F7,K23
2020-07-05 21:51:49,0007ABEDDE,K23
2020-07-05 21:53:57,000786B311,K109
2020-07-05 21:54:31,00074BE89B,K109
2020-07-05 21:58:44,00075D110D,K109
2020-07-05 23:08:21,00075D2562,K23
2020-07-05 23:22:27,00074F4107,K23
2020-07-05 23:38:17,0006B35440,K23
2020-07-05 23:39:32,000770D8F5,K109
2020-07-05 23:46:38,00075D1E39,K23
2020-07-06 00:07:01,00071E101F,K23
2020-07-06 00:18:38,0006B35440,K109
2020-07-06 00:45:49,00075D1E39,K23
2020-07-06 01:01:25,00075D2562,K23
2020-07-06 01:01:57,0007ACA1CE,K23
2020-07-06 01:02:37,00074F4107,K23
2020-07-06 01:11:32,00074F238E,K23
2020-07-06 01:12:12,0006B35440,K23
2020-07-06 01:15:37,00075D2562,K23
2020-07-06 01:29:47,00071E101F,K23
2020-07-06 01:53:47,00075D1E39,K23
2020-07-06 02:20:31,00074F238E,K23
2020-07-06 02:38:34,00075D2562,K23
2020-07-06 02:52:47,000770D8F5,K23
2020-07-06 02:56:47,00071E101F,K23
2020-07-06 02:59:27,00075D2562,K23
2020-07-06 03:01:00,000786B311,K23
2020-07-06 03:02:44,00075D1E39,K23
2020-07-06 03:13:03,00074F4107,K23
2020-07-06 03:19:12,0006B35440,K23
2020-07-06 03:29:48,00074FA4F8,K23
2020-07-06 03:30:53,00074F238E,K23
2020-07-06 03:38:15,0007ACA1CE,K23
2020-07-06 04:30:37,0006B35440,K23
2020-07-06 04:41:11,00075D110D,K23
2020-07-06 04:46:33,0007ABEDDE,K23
2020-07-06 04:55:22,000770D8F5,K23
2020-07-06 04:56:20,00075D110D,K23
2020-07-06 05:00:45,00075D2562,K23
2020-07-06 05:03:56,0007AC4999,K23
2020-07-06 21:48:36,00071E101F,K23
2020-07-06 21:48:48,00074F4107,K23
2020-07-06 21:49:16,00075D2562,K23
2020-07-06 21:49:28,00074F238E,K23
2020-07-06 21:55:01,0007AC4999,K23
2020-07-06 21:59:57,0006B35440,K23
2020-07-06 22:00:02,0007ABEDDE,K23
2020-07-06 22:00:38,000770D8F5,K23
2020-07-06 22:01:43,00078850FB,K23
2020-07-06 22:02:00,00074FA4F8,K23
2020-07-06 22:03:49,00068E1A0D,K23
2020-07-06 22:11:53,00075D110D,K23
2020-07-06 23:09:51,00075D1E39,K23
2020-07-06 23:17:57,00074F4107,K23
2020-07-06 23:24:31,00075D2562,K23
2020-07-06 23:28:38,00075D1E39,K23
2020-07-06 23:29:21,00074F4107,K23
2020-07-06 23:34:13,000786B311,K23
2020-07-06 23:39:16,00075D2562,K23
2020-07-06 23:43:46,0006B35440,K23
2020-07-06 23:46:26,00074F4107,K23
2020-07-06 23:50:30,00071E101F,K23
2020-07-06 23:52:52,00074F238E,K23
2020-07-07 00:02:54,0007AC4999,K23
2020-07-07 00:09:07,00071E101F,K23
2020-07-07 00:16:04,00075D1E39,K23
2020-07-07 00:17:24,00074F4107,K23
2020-07-07 00:21:12,0006B35440,K23
2020-07-07 00:30:21,0007AC4999,K23
2020-07-07 00:30:55,00071E101F,K23
2020-07-07 00:42:06,00075D2562,K23
2020-07-07 00:50:59,00075D110D,K23
2020-07-07 00:54:12,00074F4107,K23
2020-07-07 00:55:31,00075D1E39,K23
2020-07-07 01:01:53,00075D2562,K23
2020-07-07 01:09:12,00075D1E39,K23
2020-07-07 01:09:59,00075D110D,K23
2020-07-07 01:10:38,00074F238E,K23
2020-07-07 01:20:36,00071E101F,K23
2020-07-07 01:32:46,000786B311,K23
2020-07-07 01:46:40,0007AC4999,K23
2020-07-07 01:48:41,00071E101F,K23
2020-07-07 01:56:40,00075D2562,K23
2020-07-07 02:02:00,00074F4107,K23
2020-07-07 02:04:50,00075D1E39,K23
2020-07-07 02:05:21,000786B311,K23
2020-07-07 02:05:32,00074BE89B,K23
2020-07-07 02:09:08,0006B35440,K23
2020-07-07 02:10:14,00071E101F,K23
2020-07-07 02:12:35,0007AC4999,K23
2020-07-07 02:13:27,00075D110D,K23
2020-07-07 02:15:06,00075D2562,K23
2020-07-07 02:17:18,0007ACA1CE,K23
2020-07-07 02:19:13,0007ABEDDE,K23
2020-07-07 02:38:53,00074F4107,K23
2020-07-07 02:43:38,00075D110D,K23
2020-07-07 02:44:43,00074F238E,K23
2020-07-07 02:48:21,000786B5F7,K23
2020-07-07 02:49:49,00075D2562,K23
2020-07-07 03:02:59,00075D1E39,K23
2020-07-07 03:07:04,00075D2562,K23
2020-07-07 03:15:55,000786B311,K23
2020-07-07 03:22:39,00071E101F,K23
2020-07-07 03:25:39,00074F4107,K23
2020-07-07 03:48:51,00075D1E39,K23
2020-07-07 03:49:26,000786B311,K23
2020-07-07 03:50:12,00074BE89B,K23
2020-07-07 04:11:03,000786B5F7,K23
2020-07-07 04:12:37,0007AC4999,K23
2020-07-07 04:13:55,00075D110D,K23
2020-07-07 04:18:26,00074F238E,K23
2020-07-07 04:21:51,00071E101F,K23
2020-07-07 04:24:24,000786B311,K23
2020-07-07 04:26:54,00075D2562,K23
2020-07-07 21:48:10,00074F238E,K23
2020-07-07 21:49:31,00075D1E39,K23
2020-07-07 21:55:51,00068E1A0D,K23
2020-07-07 21:56:20,00071E101F,K23
2020-07-07 21:57:26,00074F4107,K23
2020-07-07 22:00:35,00074FA4F8,K23
2020-07-07 22:01:05,0006B35440,K23
2020-07-07 22:01:13,000786B5F7,K23
2020-07-07 22:03:01,00075D2562,K23
2020-07-07 22:04:48,00074BE89B,K23
2020-07-07 22:04:51,0007AC4999,K23
2020-07-07 22:05:00,0007ABEDDE,K23
2020-07-07 22:06:51,00078850FB,K23
2020-07-07 22:10:01,000786B311,K23
2020-07-07 23:21:10,00075D1E39,K23
2020-07-07 23:46:53,00074F4107,K23
2020-07-07 23:50:51,0007AC4999,K23
2020-07-07 23:52:50,00075D2562,K23
2020-07-08 00:00:56,00071E101F,K23
2020-07-08 00:04:48,00075D2562,K23
2020-07-08 00:19:11,00075D1E39,K23
2020-07-08 00:25:41,00074F238E,K23
2020-07-08 00:26:50,0006B35440,K23
2020-07-08 00:34:09,00071E101F,K23
2020-07-08 01:07:40,00075D2562,K23
2020-07-08 01:08:18,00074F4107,K23
2020-07-08 01:08:53,00075D1E39,K23
2020-07-08 01:19:20,00075D2562,K23
2020-07-08 01:34:49,00071E101F,K23
2020-07-08 01:37:56,0007ACA1CE,K23
2020-07-08 01:50:08,00071E101F,K23
2020-07-08 01:50:53,00074F4107,K23
2020-07-08 01:51:22,00075D1E39,K23
2020-07-08 01:52:01,00074F238E,K23
2020-07-08 01:52:25,0006B35440,K23
2020-07-08 02:13:33,0006B35440,K23
2020-07-08 02:19:36,00075D1E39,K23
2020-07-08 02:25:44,00075D2562,K23
2020-07-08 02:39:28,00074F4107,K23
2020-07-08 03:00:20,00075D2562,K23
2020-07-08 03:02:38,0007ACA1CE,K23
2020-07-08 03:04:08,00075D1E39,K23
2020-07-08 03:04:52,0006B35440,K23
2020-07-08 03:06:42,00074F238E,K23
2020-07-08 03:07:51,00071E101F,K23
2020-07-08 03:12:20,00075D2562,K23
2020-07-08 03:28:26,00075D2562,K23
2020-07-08 03:33:13,00074F4107,K23
2020-07-08 03:34:04,00075D1E39,K23
2020-07-08 03:46:43,00074F4107,K23
2020-07-08 04:27:34,0006B35440,K23
2020-07-08 04:35:42,00075D110D,K23
2020-07-08 04:37:43,00074F238E,K23
2020-07-08 04:38:07,00074FA4F8,K23
2020-07-08 04:38:46,0006B35440,K23
2020-07-08 04:39:51,0007AC4999,K23
2020-07-08 04:47:46,00075D2562,K23
2020-07-08 04:59:05,0007ACA1CE,K23
2020-07-08 05:00:14,000770D8F5,K23
2020-07-08 05:00:41,0006B35440,K23
2020-07-08 05:02:48,00074FA4F8,K23
2020-07-08 05:10:31,000786B311,K23
2020-07-08 21:33:36,00071E101F,K23
2020-07-08 21:38:01,00075D1E39,K23
2020-07-08 21:39:19,00074F238E,K23
2020-07-08 21:44:32,0007ACA1CE,K23
2020-07-08 21:46:01,00075D2562,K23
2020-07-08 21:50:22,00068E1A0D,K23
2020-07-08 21:50:53,00074F4107,K23
2020-07-08 21:51:05,00074BE89B,K23
2020-07-08 21:59:36,000770D8F5,K23
2020-07-08 21:59:46,0007ABEDDE,K23
2020-07-08 22:00:00,00074FA4F8,K23
2020-07-08 22:00:08,0006B35440,K23
2020-07-08 22:00:14,000786B5F7,K23
2020-07-08 22:00:16,000786B311,K23
2020-07-08 22:01:53,00078850FB,K23
2020-07-08 22:03:41,0007AC4999,K23
2020-07-08 22:38:31,00075D110D,K23
2020-07-08 23:43:50,00075D1E39,K23
2020-07-08 23:50:54,00074F238E,K23
2020-07-09 00:05:02,00074F238E,K23
2020-07-09 00:20:19,00075D1E39,K23
2020-07-09 00:27:47,00075D2562,K23
2020-07-09 00:27:50,00074F4107,K23
2020-07-09 00:28:35,0006B35440,K23
2020-07-09 00:43:48,00075D2562,K23
2020-07-09 01:13:56,00075D1E39,K23
2020-07-09 01:36:30,0007ACA1CE,K23
2020-07-09 01:52:25,00071E101F,K23
2020-07-09 02:03:57,00074F4107,K23
2020-07-09 02:24:36,00075D2562,K23
2020-07-09 02:32:07,0006B35440,K23
2020-07-09 02:32:30,00074F238E,K23
2020-07-09 02:33:57,00071E101F,K23
2020-07-09 02:42:28,00075D2562,K23
2020-07-09 02:45:32,00075D1E39,K23
2020-07-09 02:58:25,0006B35440,K23
2020-07-09 03:13:11,00074F4107,K23
2020-07-09 03:29:34,00071E101F,K23
2020-07-09 03:33:10,00075D2562,K23
2020-07-09 04:16:20,0006B35440,K23
2020-07-09 04:21:57,000786B311,K23
2020-07-09 04:36:44,00075D110D,K23
2020-07-09 04:48:45,0007ACA1CE,K23
2020-07-09 05:02:35,00075D1E39,K23
2020-07-09 05:06:32,00075D2562,K23
2020-07-09 05:16:47,00075D2562,K23
2020-07-09 21:38:24,00074F238E,K23
2020-07-09 21:38:57,000786B311,K23
2020-07-09 21:41:55,00074F4107,K23
2020-07-09 21:42:11,00075D2562,K23
2020-07-09 21:42:16,00075D1E39,K23
2020-07-09 21:42:32,0007ACA1CE,K235
2020-07-09 21:42:50,000786B5F7,K23
2020-07-09 21:44:14,0007AC4999,K235
2020-07-09 21:44:28,0006B35440,K23
2020-07-09 21:50:47,00074BE89B,K235
2020-07-09 21:51:31,00078850FB,K235
2020-07-09 21:51:42,0007ABEDDE,K235
2020-07-09 21:51:50,000770D8F5,K235
2020-07-09 21:52:18,00068E1A0D,K235
2020-07-09 21:55:08,00075D110D,K23
2020-07-09 22:24:42,00071E101F,K235
2020-07-09 22:54:56,00075D2562,K23
2020-07-09 22:59:26,00075D1E39,K23
2020-07-09 23:09:14,00071E101F,K23
2020-07-09 23:21:53,0007ACA1CE,K235
2020-07-09 23:27:59,00074F238E,K235
2020-07-09 23:33:25,00075D2562,K235
2020-07-09 23:36:51,00075D1E39,K235
2020-07-09 23:38:04,0006B35440,K235
2020-07-09 23:40:56,00071E101F,K23
2020-07-09 23:43:49,00074F238E,K23
2020-07-09 23:59:26,00075D110D,K235
2020-07-10 00:07:03,00075D1E39,K23
2020-07-10 00:17:24,00074F4107,K23
2020-07-10 00:28:07,00075D2562,K235
2020-07-10 00:29:20,00071E101F,K235
2020-07-10 00:47:20,00075D2562,K235
2020-07-10 00:49:27,00074F238E,K235
2020-07-10 00:49:32,00074FA4F8,K235
2020-07-10 00:54:03,00074F4107,K235
2020-07-10 00:54:55,0007ACA1CE,K235
2020-07-10 01:10:17,00075D1E39,K235
2020-07-10 01:14:37,00071E101F,K235
2020-07-10 01:15:03,0006B35440,K235
2020-07-10 01:25:19,00075D1E39,K235
2020-07-10 01:27:54,00071E101F,K235
2020-07-10 01:32:04,00074F4107,K23
2020-07-10 01:34:49,000770D8F5,K235
2020-07-10 01:34:50,00074F238E,K235
2020-07-10 01:35:26,000786B5F7,K235
2020-07-10 01:40:42,00071E101F,K235
2020-07-10 01:42:00,0006B35440,K235
2020-07-10 01:43:22,0007ACA1CE,K235
2020-07-10 01:46:02,00075D2562,K235
2020-07-10 01:50:09,00075D1E39,K235
2020-07-10 01:50:29,00074F238E,K235
2020-07-10 01:50:40,00074F4107,K235
2020-07-10 01:52:08,0006B35440,K235
2020-07-10 02:01:27,00074F238E,K235
2020-07-10 02:01:58,00075D2562,K235
2020-07-10 02:20:04,00075D1E39,K235
2020-07-10 02:25:17,00074F238E,K235
2020-07-10 02:41:08,00071E101F,K235
2020-07-10 02:51:43,00074F238E,K235
2020-07-10 02:52:56,00074F4107,K235
2020-07-10 02:57:33,0007AC4999,K235
2020-07-10 02:58:50,00075D1E39,K235
2020-07-10 03:03:43,0006B35440,K235
2020-07-10 03:04:26,000786B311,K235
2020-07-10 03:05:08,00074F4107,K235
2020-07-10 03:10:13,00075D2562,K235
2020-07-10 03:14:55,00071E101F,K235
2020-07-10 03:23:08,00074F238E,K235
2020-07-10 03:23:40,0007ACA1CE,K235
2020-07-10 03:23:46,0006B35440,K235
2020-07-10 03:25:49,00071E101F,K235
2020-07-10 03:30:22,00074F4107,K235
2020-07-10 03:34:27,00074F238E,K235
2020-07-10 03:44:39,00075D2562,K235
2020-07-10 03:45:44,00074F238E,K235
2020-07-10 03:59:03,00074F238E,K235
2020-07-10 04:14:20,00074F4107,K235
2020-07-10 04:26:09,00074FA4F8,K235
2020-07-10 04:27:09,00078850FB,K235
2020-07-10 04:29:41,000786B5F7,K235
2020-07-10 04:31:25,000770D8F5,K235
2020-07-10 04:33:32,00071E101F,K235
2020-07-10 04:39:52,0007AC4999,K235
2020-07-10 04:42:25,00075D1E39,K235
2020-07-10 04:46:59,0007ABEDDE,K235
2020-07-10 04:47:20,000786B311,K235
2020-07-10 04:50:28,00075D2562,K235
2020-07-10 05:05:53,00074F4107,K235
2020-07-10 21:27:13,00075D2562,K235
2020-07-10 21:28:33,00075D1E39,K235
2020-07-10 21:32:08,000786B311,K235
2020-07-10 21:34:01,00071E101F,K235
2020-07-10 21:34:05,00074FA4F8,K235
2020-07-10 21:35:17,00068E1A0D,K235
2020-07-10 21:35:42,00074F4107,K235
2020-07-10 21:36:00,00074F238E,K235
2020-07-10 21:36:02,0007ACA1CE,K235
2020-07-10 21:36:21,0007AC4999,K235
2020-07-10 21:37:20,00078850FB,K235
2020-07-10 21:38:09,0007ABEDDE,K235
2020-07-10 21:40:21,0006B35440,K235
2020-07-10 21:44:51,000770D8F5,K235
2020-07-10 21:45:06,00074BE89B,K235
2020-07-10 21:47:08,000786B5F7,K235
2020-07-10 22:03:40,00075D110D,K235
2020-07-10 23:10:33,00071E101F,K235
2020-07-10 23:15:48,00075D1E39,K235
2020-07-10 23:16:06,00075D2562,K235
2020-07-10 23:28:02,00075D1E39,K235
2020-07-10 23:28:29,00075D2562,K235
2020-07-10 23:55:53,0006B35440,K235
2020-07-10 23:56:14,00074F238E,K235
2020-07-10 23:56:22,0007ACA1CE,K235
2020-07-11 00:10:04,00074F4107,K235
2020-07-11 00:11:06,00075D2562,K235
2020-07-11 00:27:17,00075D2562,K235
2020-07-11 00:52:25,00075D1E39,K235
2020-07-11 01:05:15,00075D1E39,K235
2020-07-11 01:11:21,00071E101F,K235
2020-07-11 01:23:30,00071E101F,K235
2020-07-11 01:29:30,00075D2562,K235
2020-07-11 01:34:54,00074F238E,K235
2020-07-11 01:37:14,0006B35440,K235
2020-07-11 01:42:36,00074F4107,K235
2020-07-11 01:47:24,00075D2562,K235
2020-07-11 01:48:25,0006B35440,K235
2020-07-11 01:50:57,00074F238E,K235
2020-07-11 02:04:28,00075D1E39,K235
2020-07-11 02:15:07,00075D1E39,K235
2020-07-11 02:19:39,0007ACA1CE,K235
2020-07-11 02:32:23,00071E101F,K235
2020-07-11 02:53:58,00075D2562,K235
2020-07-11 03:07:26,0006B35440,K235
2020-07-11 03:09:10,00075D1E39,K235
2020-07-11 03:10:49,00075D2562,K235
2020-07-11 03:11:29,00074F238E,K235
2020-07-11 03:16:24,00074F4107,K235
2020-07-11 03:24:49,0006B35440,K235
2020-07-11 03:41:30,00074F4107,K235
2020-07-11 03:41:43,00071E101F,K235
2020-07-11 04:23:59,00074FA4F8,K235
2020-07-11 04:24:17,00075D110D,K235
2020-07-11 04:26:46,000786B5F7,K235
2020-07-11 04:29:35,0007AC4999,K235
2020-07-11 04:34:46,00075D1E39,K235
2020-07-11 04:37:30,00071E101F,K235
2020-07-11 04:38:18,000770D8F5,K235
2020-07-11 04:41:07,00075D2562,K235
2020-07-11 04:43:19,000786B311,K235
2020-07-11 04:53:38,00074F4107,K235
2020-07-11 04:58:21,0007ACA1CE,K235
2020-07-11 05:11:24,0007ACA1CE,K235
2020-07-11 21:36:23,00074F4107,K235
2020-07-11 21:36:56,00075D1E39,K235
2020-07-11 21:38:27,00071E101F,K235
2020-07-11 21:39:38,0007AC4999,K235
2020-07-11 21:45:47,0007ACA1CE,K235
2020-07-11 21:45:54,0006B35440,K235
2020-07-11 21:46:35,00075D2562,K235
2020-07-11 21:47:32,00074F238E,K235
2020-07-11 21:47:43,00068E1A0D,K235
2020-07-11 21:53:08,00078850FB,K235
2020-07-11 21:55:22,000786B311,K235
2020-07-11 21:59:32,0007ABEDDE,K235
2020-07-11 22:03:18,000786B5F7,K235
2020-07-11 22:04:16,00074FA4F8,K235
2020-07-11 22:04:27,000770D8F5,K235
2020-07-11 22:04:39,00074BE89B,K235
2020-07-11 22:24:11,00075D110D,K235
2020-07-11 22:56:59,00071E101F,K235
2020-07-11 23:01:23,00075D2562,K235
2020-07-11 23:27:59,00075D1E39,K235
2020-07-11 23:33:04,00071E101F,K235
2020-07-11 23:39:10,00075D1E39,K235
2020-07-11 23:51:35,00071E101F,K235
2020-07-11 23:52:59,0006B35440,K235
2020-07-12 00:09:22,0006B35440,K235
2020-07-12 00:14:34,0007ACA1CE,K235
2020-07-12 00:17:14,00071E101F,K235
2020-07-12 00:28:35,00071E101F,K235
2020-07-12 00:28:59,00075D1E39,K235
2020-07-12 00:36:58,00075D2562,K235
2020-07-12 00:39:22,00075D1E39,K235
2020-07-12 00:49:16,00071E101F,K235
2020-07-12 01:04:36,00074F4107,K235
2020-07-12 01:14:06,0006B35440,K235
2020-07-12 01:19:42,00071E101F,K235
2020-07-12 01:21:42,0007AC4999,K235
2020-07-12 01:31:09,00071E101F,K235
2020-07-12 01:34:53,00075D1E39,K235
2020-07-12 01:36:15,0007AC4999,K235
2020-07-12 01:45:50,00074F4107,K235
2020-07-12 01:47:02,00071E101F,K235
2020-07-12 01:49:14,0006B35440,K235
2020-07-12 01:51:47,00075D1E39,K235
2020-07-12 01:52:13,00074F238E,K235
2020-07-12 02:01:40,00075D2562,K235
2020-07-12 02:03:09,00071E101F,K235
2020-07-12 02:19:38,00075D2562,K235
2020-07-12 02:19:47,00074FA4F8,K235
2020-07-12 02:23:50,0007AC4999,K235
2020-07-12 02:27:49,00075D1E39,K235
2020-07-12 02:28:01,00074F4107,K235
2020-07-12 02:33:23,0007ACA1CE,K235
2020-07-12 02:43:40,00075D1E39,K235
2020-07-12 02:44:02,00074F238E,K235
2020-07-12 02:45:16,0007AC4999,K235
2020-07-12 02:45:55,00074F4107,K235
2020-07-12 02:50:00,00075D2562,K235
2020-07-12 02:54:57,0006B35440,K235
2020-07-12 02:55:17,00071E101F,K235
2020-07-12 02:55:35,000786B5F7,K235
2020-07-12 02:55:56,00074F4107,K235
2020-07-12 03:06:10,00075D2562,K235
2020-07-12 03:10:49,00074F4107,K235
2020-07-12 03:11:40,0006B35440,K235
2020-07-12 03:12:10,00071E101F,K235
2020-07-12 03:31:43,00075D1E39,K235
2020-07-12 03:55:49,00074F238E,K235
2020-07-12 04:02:59,0007AC4999,K235
2020-07-12 04:06:12,00071E101F,K235
2020-07-12 04:09:28,000786B311,K235
2020-07-12 04:16:53,00074FA4F8,K235
2020-07-12 04:22:22,00074BE89B,K235
2020-07-12 04:25:16,00068E1A0D,K235
2020-07-12 04:28:19,000770D8F5,K235
2020-07-12 04:31:02,00074F4107,K235
2020-07-12 04:33:17,0007ABEDDE,K235
2020-07-12 04:35:30,00075D1E39,K235
2020-07-12 04:36:21,00075D2562,K235
2020-07-12 04:36:25,0007AC4999,K235
2020-07-12 21:32:07,00075D2562,K235
2020-07-12 21:39:07,0007ACA1CE,K235
2020-07-12 21:39:36,00075D1E39,K235
2020-07-12 21:41:24,00074F238E,K235
2020-07-12 21:41:29,00074F4107,K235
2020-07-12 21:46:50,000770D8F5,K235
2020-07-12 21:47:02,00071E101F,K235
2020-07-12 21:48:11,00068E1A0D,K235
2020-07-12 21:48:37,0007ABEDDE,K235
2020-07-12 21:49:54,00078850FB,K235
2020-07-12 21:50:14,0006B35440,K235
2020-07-12 21:51:42,000786B311,K235
2020-07-12 21:51:44,00074FA4F8,K235
2020-07-12 21:56:01,000786B5F7,K235
2020-07-12 21:58:14,00074BE89B,K235
2020-07-12 22:06:59,00075D110D,K235
2020-07-12 22:53:50,00075D2562,K235
2020-07-12 23:12:47,00075D1E39,K235
2020-07-13 21:28:38,0007ACA1CE,K10
2020-07-13 21:34:04,00075D1E39,K10
2020-07-13 21:34:18,00074F4107,K10
2020-07-13 21:35:40,00074F238E,K10
2020-07-13 21:36:17,00075D2562,K10
2020-07-13 21:36:44,00071E101F,K10
2020-07-13 21:39:48,0007AC4999,K10
2020-07-13 21:41:49,0006B35440,K10
2020-07-13 21:49:45,00074FA4F8,K10
2020-07-13 21:51:27,00078850FB,K10
2020-07-13 21:52:11,00068E1A0D,K10
2020-07-13 21:53:14,000786B311,K10
2020-07-13 21:53:23,0007ABEDDE,K10
2020-07-13 21:53:32,000770D8F5,K10
2020-07-13 21:55:47,000786B5F7,K10
2020-07-13 21:56:42,00074BE89B,K10
2020-07-13 21:58:21,00075D110D,K10
2020-07-13 22:42:44,00075D1E39,K10
2020-07-13 23:01:17,00075D2562,K10
2020-07-13 23:05:15,00074F4107,K10
2020-07-13 23:29:25,0007ACA1CE,K10
2020-07-13 23:36:03,00075D2562,K10
2020-07-14 00:05:59,00075D1E39,K10
2020-07-14 00:18:11,00074F4107,K10
2020-07-14 00:20:11,0007ACA1CE,K10
2020-07-14 00:23:43,00074F238E,K10
2020-07-14 00:39:38,0006B35440,K10
2020-07-14 00:50:06,00071E101F,K10
2020-07-14 00:55:18,00075D2562,K10
2020-07-14 00:56:09,00074F4107,K10
2020-07-14 01:03:50,00075D1E39,K10
2020-07-14 01:06:05,00071E101F,K10
2020-07-14 01:32:30,00075D1E39,K10
2020-07-14 01:41:19,00075D2562,K10
2020-07-14 01:43:39,00074F238E,K10
2020-07-14 01:54:23,0007ACA1CE,K10
2020-07-14 02:03:48,00074F4107,K10
2020-07-14 02:16:47,00074F4107,K10
2020-07-14 02:21:23,00071E101F,K10
2020-07-14 02:31:31,00071E101F,K10
2020-07-14 02:43:06,00075D1E39,K10
2020-07-14 02:58:16,00075D2562,K10
2020-07-14 03:02:51,00074F4107,K10
2020-07-14 03:10:58,0007ACA1CE,K10
2020-07-14 03:11:35,00074F238E,K10
2020-07-14 03:12:23,00075D2562,K10
2020-07-14 03:12:45,00075D1E39,K10
2020-07-14 03:18:45,0006B35440,K10
2020-07-14 03:33:34,0006B35440,K10
2020-07-14 03:34:15,00074F4107,K10
2020-07-14 03:37:09,00071E101F,K10
2020-07-14 04:09:38,000786B311,K10
2020-07-14 04:25:40,00075D1E39,K10
2020-07-14 04:26:12,0007AC4999,K10
2020-07-14 04:31:26,000770D8F5,K10
2020-07-14 04:31:31,000786B5F7,K10
2020-07-14 04:32:58,00074F238E,K10
2020-07-14 04:33:14,00075D110D,K10
2020-07-14 04:33:24,00074BE89B,K10
2020-07-14 04:34:05,0007ACA1CE,K10
2020-07-14 04:36:32,0006B35440,K10
2020-07-14 04:43:49,00075D2562,K10
2020-07-14 04:44:24,00074FA4F8,K10
2020-07-14 04:46:15,00068E1A0D,K10
2020-07-14 04:46:35,00074BE89B,K10
2020-07-14 04:55:37,00078850FB,K10
2020-07-14 04:56:13,00074F4107,K10
2020-07-14 21:29:03,0007ACA1CE,K10
2020-07-14 21:30:08,00075D1E39,K10
2020-07-14 21:30:22,00075D2562,K10
2020-07-14 21:31:37,00074F4107,K10
2020-07-14 21:32:34,00071E101F,K10
2020-07-14 21:34:03,0007AC4999,K10
2020-07-14 21:34:41,0006B35440,K10
2020-07-14 21:36:23,00074F238E,K10
2020-07-14 21:36:29,00074FA4F8,K10
2020-07-14 21:39:21,000786B5F7,K10
2020-07-14 21:41:14,0007ABEDDE,K10
2020-07-14 21:41:45,00068E1A0D,K10
2020-07-14 21:41:50,000786B311,K10
2020-07-14 21:42:06,000770D8F5,K10
2020-07-14 21:43:59,00078850FB,K10
2020-07-14 21:48:52,00074BE89B,K10
2020-07-14 21:50:25,00075D110D,K10
2020-07-14 23:27:51,00074F4107,K10
2020-07-14 23:29:10,00075D1E39,K10
2020-07-15 00:05:43,00074F238E,K10
2020-07-15 00:31:05,0006B35440,K10
2020-07-15 00:39:12,00075D1E39,K10
2020-07-15 00:39:25,00074F238E,K10
2020-07-15 00:41:08,00075D2562,K10
2020-07-15 00:41:13,0007ACA1CE,K10
2020-07-15 00:42:30,0006B35440,K10
2020-07-15 00:51:22,00075D2562,K10
2020-07-15 01:01:43,00071E101F,K10
2020-07-15 01:20:52,00074F4107,K10
2020-07-15 01:39:00,00075D1E39,K10
2020-07-15 01:51:21,00074F238E,K10
2020-07-15 01:55:27,00075D1E39,K10
2020-07-15 02:13:33,00075D2562,K10
2020-07-15 02:26:23,0007ACA1CE,K10
2020-07-15 02:36:39,00075D1E39,K10
2020-07-15 02:36:47,00075D2562,K10
2020-07-15 02:40:54,0007ACA1CE,K10
2020-07-15 02:47:10,00075D1E39,K10
2020-07-15 02:48:18,00075D2562,K10
2020-07-15 02:54:59,00071E101F,K10
2020-07-15 02:59:55,00074F4107,K10
2020-07-15 03:24:57,00074F238E,K10
2020-07-15 03:29:25,00075D2562,K10
2020-07-15 03:34:16,00074F4107,K10
2020-07-15 03:42:13,00075D2562,K10
2020-07-15 04:21:28,000786B311,K10
2020-07-15 04:23:20,0006B35440,K10
2020-07-15 04:25:48,000786B5F7,K10
2020-07-15 04:27:33,000770D8F5,K10
2020-07-15 04:29:19,00075D1E39,K10
2020-07-15 04:29:50,00075D110D,K10
2020-07-15 04:32:59,00078850FB,K10
2020-07-15 04:33:26,00074FA4F8,K10
2020-07-15 04:36:32,00074BE89B,K10
2020-07-15 04:38:48,00068E1A0D,K10
2020-07-15 04:38:58,00074F4107,K10
2020-07-15 04:39:21,0007AC4999,K10
2020-07-15 04:40:04,00074F238E,K10
2020-07-15 04:43:41,0007ACA1CE,K10
2020-07-15 04:47:26,00075D2562,K10
2020-07-15 21:35:25,00071E101F,K10
2020-07-15 21:35:55,00075D1E39,K10
2020-07-15 21:37:28,0007ACA1CE,K10
2020-07-15 21:39:31,00074F4107,K10
2020-07-15 21:41:58,00075D2562,K10
2020-07-15 21:44:25,0007AC4999,K10
2020-07-15 21:45:32,00074F238E,K10
2020-07-15 21:46:37,00068E1A0D,K10
2020-07-15 21:49:01,0006B35440,K10
2020-07-15 21:49:49,0007ABEDDE,K10
2020-07-15 21:55:49,000770D8F5,K10
2020-07-15 21:55:55,00074FA4F8,K10
2020-07-15 21:56:01,00078850FB,K10
2020-07-15 21:56:41,000786B5F7,K10
2020-07-15 21:57:21,000786B311,K10
2020-07-15 21:57:26,00074BE89B,K10
2020-07-15 22:08:20,00075D110D,K10
2020-07-16 04:40:19,00075D1E39,K10
2020-07-16 04:42:13,0007AC4999,K10
2020-07-16 05:01:26,00075D1E39,K10
2020-07-16 05:03:43,00075D2562,K10
2020-07-16 21:55:39,00075D1E39,K10
2020-07-16 22:00:05,00074F4107,K12
2020-07-16 22:02:12,00075D2562,K12
2020-07-16 22:02:45,00074F238E,K12
2020-07-16 22:02:58,00071E101F,K12
2020-07-16 22:06:04,000770D8F5,K12
2020-07-16 22:06:14,00068E1A0D,K12
2020-07-16 22:06:54,0007ABEDDE,K12
2020-07-16 22:07:31,000786B5F7,K12
2020-07-16 22:09:31,0007AC4999,K12
2020-07-16 22:12:23,0007ACA1CE,K12
2020-07-16 22:13:03,00078850FB,K12
2020-07-16 22:13:22,000786B311,K12
2020-07-16 22:13:29,00074FA4F8,K12
2020-07-16 22:13:34,00074BE89B,K12
2020-07-16 22:14:23,0006B35440,K12
2020-07-16 22:20:48,00075D110D,K12
2020-07-16 23:24:07,00075D1E39,K12
2020-07-17 00:36:14,0007ACA1CE,K12
2020-07-17 00:48:27,00075D1E39,K12
2020-07-17 01:00:07,00075D1E39,K12
2020-07-17 01:02:53,00074F238E,K12
2020-07-17 01:06:37,00071E101F,K12
2020-07-17 01:23:26,00075D2562,K12
2020-07-17 01:35:03,00075D2562,K12
2020-07-17 01:46:55,00074F4107,K12
2020-07-17 02:00:38,0007ACA1CE,K12
2020-07-17 02:08:55,00075D1E39,K12
2020-07-17 02:37:57,00071E101F,K12
2020-07-17 02:54:55,00075D2562,K12
2020-07-17 03:04:29,00075D1E39,K12
2020-07-17 03:05:02,00075D2562,K12
2020-07-17 03:15:39,00074F238E,K12
2020-07-17 03:23:14,0007ACA1CE,K12
2020-07-17 03:42:58,00071E101F,K12
2020-07-17 04:10:32,00074F4107,K12
2020-07-17 04:30:03,000786B311,K12
2020-07-17 04:31:49,000786B5F7,K12
2020-07-17 04:36:44,0007AC4999,K12
2020-07-17 04:46:22,00075D2562,K12
2020-07-17 04:46:41,00068E1A0D,K12
2020-07-17 21:38:15,00074F4107,K12
2020-07-17 21:48:13,0007ACA1CE,K12
2020-07-17 21:49:17,00074F238E,K12
2020-07-17 21:49:21,0006B35440,K12
2020-07-17 21:53:02,00074FA4F8,K12
2020-07-17 21:53:18,00075D2562,K12
2020-07-17 21:54:36,000770D8F5,K12
2020-07-17 21:54:57,00074BE89B,K12
2020-07-17 21:55:25,00068E1A0D,K12
2020-07-17 21:55:29,0007ABEDDE,K12
2020-07-17 21:55:57,0007AC4999,K12
2020-07-17 21:56:15,000786B5F7,K12
2020-07-17 21:56:17,00078850FB,K12
2020-07-17 21:56:20,00071E101F,K12
2020-07-17 22:02:42,000786B311,K12
2020-07-17 22:08:40,00075D110D,K12
2020-07-17 23:32:15,00075D1E39,K12
2020-07-17 23:47:44,00074F4107,K12
2020-07-17 23:48:12,00075D2562,K12
2020-07-18 00:00:56,00074F4107,K12
2020-07-18 00:22:02,00075D2562,K12
2020-07-18 00:34:00,00075D1E39,K12
2020-07-18 00:34:17,00075D2562,K12
2020-07-18 00:45:23,0006B35440,K12
2020-07-18 00:46:57,00075D1E39,K12
2020-07-18 00:48:45,00074F238E,K12
2020-07-18 00:48:48,00071E101F,K12
2020-07-18 00:50:21,00075D2562,K12
2020-07-18 00:50:47,00075D110D,K12
2020-07-18 00:53:36,0007ACA1CE,K12
2020-07-18 00:55:29,0006B35440,K12
2020-07-18 00:59:23,00071E101F,K12
2020-07-18 01:04:38,00074F4107,K12
2020-07-18 01:28:59,00074F238E,K12
2020-07-18 01:36:21,00074F4107,K12
2020-07-18 01:41:35,00074F238E,K12
2020-07-18 02:08:26,00074F4107,K12
2020-07-18 02:13:25,0006B35440,K12
2020-07-18 02:14:14,00075D1E39,K12
2020-07-18 02:27:54,00074F4107,K12
2020-07-18 02:32:39,00071E101F,K12
2020-07-18 02:39:58,00074F4107,K12
2020-07-18 02:46:13,0006B35440,K12
2020-07-18 02:54:02,00074F238E,K12
2020-07-18 02:59:09,00074F4107,K12
2020-07-18 03:06:19,0006B35440,K12
2020-07-18 03:13:43,0007ACA1CE,K12
2020-07-18 03:13:45,00075D2562,K12
2020-07-18 03:16:30,00075D1E39,K12
2020-07-18 03:34:47,00071E101F,K12
2020-07-18 03:40:18,00075D1E39,K12
2020-07-18 03:49:37,00075D2562,K12
2020-07-18 04:02:13,00075D2562,K12
2020-07-18 04:12:56,00074F4107,K12
2020-07-18 04:39:02,0007ABEDDE,K12
2020-07-18 04:39:13,0007AC4999,K12
2020-07-18 04:39:28,00074F238E,K12
2020-07-18 04:39:55,000770D8F5,K12
2020-07-18 04:42:04,000786B311,K12
2020-07-18 04:47:17,0007ACA1CE,K12
2020-07-18 04:53:13,00075D2562,K12
2020-07-18 21:21:20,00074F4107,K12
2020-07-18 21:21:53,00075D2562,K12
2020-07-18 21:22:20,0006B35440,K12
2020-07-18 21:23:26,00068E1A0D,K12
2020-07-18 21:23:39,0007ACA1CE,K12
2020-07-18 21:25:05,00074F238E,K12
2020-07-18 21:29:49,00071E101F,K12
2020-07-18 21:30:36,0007AC4999,K12
2020-07-18 21:31:40,00075D1E39,K12
2020-07-18 21:33:42,00074FA4F8,K12
2020-07-18 21:33:50,000770D8F5,K12
2020-07-18 21:36:38,0007ABEDDE,K12
2020-07-18 21:36:58,00074F238E,K12
2020-07-18 21:37:07,000786B5F7,K12
2020-07-18 21:37:14,00078850FB,K12
2020-07-18 21:37:22,00074BE89B,K12
2020-07-18 21:51:51,000786B311,K12
2020-07-18 21:53:11,00075D110D,K12
2020-07-19 00:58:47,00074F238E,K12
2020-07-19 21:26:50,00074F4107,K4
2020-07-19 21:26:56,00075D2562,K4
2020-07-19 21:31:15,00071E101F,K4
2020-07-19 21:35:47,0006B35440,K4
2020-07-19 21:38:26,0007AC4999,K4
2020-07-19 21:40:34,00074F238E,K4
2020-07-19 21:41:08,00074FA4F8,K4
2020-07-19 21:41:49,000770D8F5,K4
2020-07-19 21:45:30,0007ABEDDE,K4
2020-07-19 21:52:54,000786B311,K4
2020-07-19 21:53:33,000786B5F7,K4
2020-07-20 00:12:07,00075D1E39,K4
2020-07-20 00:25:02,00075D2562,K4
2020-07-20 00:28:19,0007ACA1CE,K4
2020-07-20 00:33:34,00075D110D,K4
2020-07-20 00:35:31,00074F4107,K4
2020-07-20 00:39:04,00075D2562,K4
2020-07-20 00:40:43,00075D1E39,K4
2020-07-20 00:46:33,0007ACA1CE,K4
2020-07-20 00:52:33,00074F238E,K4
2020-07-20 01:27:49,00075D110D,K4
2020-07-20 01:30:32,00071E101F,K4
2020-07-20 01:31:30,00074F238E,K4
2020-07-20 01:33:07,00074BE89B,K4
2020-07-20 01:36:58,0007AC4999,K4
2020-07-20 01:37:23,00068E1A0D,K4
2020-07-20 01:45:22,00075D110D,K4
2020-07-20 02:10:04,00075D1E39,K4
2020-07-20 02:16:40,0007ACA1CE,K4
2020-07-20 02:20:42,0007AC4999,K4
2020-07-20 02:42:47,00075D2562,K4
2020-07-20 02:43:12,00074F4107,K4
2020-07-20 02:55:51,00071E101F,K4
2020-07-20 03:02:30,00075D1E39,K4
2020-07-20 03:04:06,00075D2562,K4
2020-07-20 03:04:22,000770D8F5,K4
2020-07-20 03:37:37,0007ACA1CE,K4
2020-07-20 03:41:50,00074F238E,K4
2020-07-20 03:48:36,00075D1E39,K4
2020-07-20 03:49:03,00074F4107,K4
2020-07-20 03:55:49,00074F238E,K4
2020-07-20 03:59:33,00075D2562,K4
2020-07-20 04:26:38,0006B35440,K4
2020-07-20 04:31:02,000786B311,K4
2020-07-20 04:33:38,0007AC4999,K4
2020-07-20 04:38:39,00074BE89B,K4
2020-07-20 04:40:54,00068E1A0D,K4
2020-07-20 04:47:27,0007ABEDDE,K4
2020-07-20 04:51:45,00075D2562,K4
2020-07-20 11:09:32,00078850FB,K4
2020-07-20 21:19:33,00071E101F,K4
2020-07-20 21:27:55,00074F4107,K4
2020-07-20 21:32:40,00075D1E39,K4
2020-07-20 21:33:25,0007AC4999,K4
2020-07-20 21:34:11,0007ACA1CE,K4
2020-07-20 21:34:47,0006B35440,K4
2020-07-20 21:35:27,00075D2562,K4
2020-07-20 21:35:34,00078850FB,K4
2020-07-20 21:38:07,00074FA4F8,K4
2020-07-20 21:44:46,000786B311,K4
2020-07-20 21:46:42,000786B5F7,K4
2020-07-20 21:47:15,0007ABEDDE,K4
2020-07-20 21:48:01,000770D8F5,K4
2020-07-20 21:49:32,00074F238E,K4
2020-07-20 21:50:22,00074BE89B,K4
2020-07-20 21:52:55,00075D110D,K4
2020-07-21 03:03:22,00075D2562,K4
2020-07-21 03:12:18,00075D1E39,K4
2020-07-21 03:13:34,00074F4107,K4
2020-07-21 03:17:58,00075D2562,K4
2020-07-21 03:45:52,00078850FB,K4
2020-07-21 03:47:37,00075D2562,K4
2020-07-21 04:27:43,000786B311,K4
2020-07-21 04:41:33,000786B311,K4
2020-07-21 04:41:41,0007AC4999,K4
2020-07-21 04:42:15,000770D8F5,K4
2020-07-21 04:57:47,00075D2562,K4
2020-07-21 21:34:26,00074F4107,K4
2020-07-21 21:34:49,00075D2562,K4
2020-07-21 21:36:22,00075D1E39,K4
2020-07-21 21:38:44,00071E101F,K4
2020-07-21 21:39:08,00078850FB,K4
2020-07-21 21:40:01,00074F238E,K4
2020-07-21 21:40:56,0007ACA1CE,K4
2020-07-21 21:41:13,00074FA4F8,K4
2020-07-21 21:43:26,000786B311,K4
2020-07-21 21:44:17,000770D8F5,K4
2020-07-21 21:44:34,0006B35440,K4
2020-07-21 21:51:50,00074BE89B,K4
2020-07-21 21:52:09,000786B5F7,K4
2020-07-21 21:52:27,0007ABEDDE,K4
2020-07-21 21:56:41,00075D110D,K4
2020-07-22 21:29:50,00071E101F,K23
2020-07-22 21:30:33,00074FA4F8,K23
2020-07-22 21:30:36,00075D1E39,K23
2020-07-22 21:31:20,00068E1A0D,K23
2020-07-22 21:31:37,0007AC4999,K23
2020-07-22 21:32:19,00074F4107,K23
2020-07-22 21:32:30,00075D2562,K23
2020-07-22 21:34:41,00078850FB,K23
2020-07-22 21:36:57,0007ACA1CE,K23
2020-07-22 21:37:50,0007ABEDDE,K23
2020-07-22 21:37:55,0006B35440,K23
2020-07-22 21:38:52,00074F238E,K23
2020-07-22 21:39:12,000786B311,K23
2020-07-22 21:40:04,000770D8F5,K23
2020-07-22 21:46:00,00075D110D,K23
2020-07-22 21:46:07,00074BE89B,K23
2020-07-23 04:42:27,0006B35440,K23
2020-07-23 04:42:31,000786B5F7,K23
2020-07-23 04:43:14,0007AC4999,K23
2020-07-23 04:46:16,00075D110D,K23
2020-07-23 04:46:55,000786B311,K23
2020-07-23 04:51:16,00071E101F,K23
2020-07-23 04:59:20,00074BE89B,K23
2020-07-23 21:28:58,0007ACA1CE,K23
2020-07-23 21:29:17,00074F4107,K23
2020-07-23 21:29:25,00075D1E39,K23
2020-07-23 21:31:36,00075D2562,K23
2020-07-23 21:32:48,00071E101F,K23
2020-07-23 21:36:32,00068E1A0D,K23
2020-07-23 21:36:38,000786B311,K23
2020-07-23 21:36:39,00078850FB,K23
2020-07-23 21:36:57,0007AC4999,K23
2020-07-23 21:39:17,00074FA4F8,K23
2020-07-23 21:41:32,00074F238E,K23
2020-07-23 21:42:13,000770D8F5,K23
2020-07-23 21:43:51,0006B35440,K23
2020-07-23 21:44:09,00074BE89B,K23
2020-07-23 21:44:24,000786B5F7,K23
2020-07-23 21:47:23,00075D110D,K23
2020-07-24 04:43:36,00075D1E39,K23
2020-07-24 04:44:32,0007AC4999,K23
2020-07-24 04:49:40,00075D110D,K23
2020-07-24 04:52:42,0006B35440,K23
2020-07-24 05:12:59,000786B311,K23
2020-07-24 18:36:24,0006B36D8B,K23
2020-07-24 21:21:57,00075D1E39,K23
2020-07-24 21:26:10,00074F4107,K23
2020-07-24 21:26:15,00078850FB,K23
2020-07-24 21:27:06,0007ACA1CE,K23
2020-07-24 21:27:19,00075D2562,K23
2020-07-24 21:27:25,00068E1A0D,K23
2020-07-24 21:29:03,00074FA4F8,K23
2020-07-24 21:29:16,00071E101F,K23
2020-07-24 21:29:31,0006B35440,K23
2020-07-24 21:30:11,0007AC4999,K23
2020-07-24 21:33:02,00074F238E,K23
2020-07-24 21:35:03,000786B5F7,K23
2020-07-24 21:35:23,000770D8F5,K23
2020-07-24 21:37:06,00074BE89B,K23
2020-07-25 18:03:12,0006B36D8B,K23
2020-07-25 18:23:23,0006B36D8B,K24-35
2020-07-25 21:26:04,00075D2562,K24-35
2020-07-25 21:27:37,00074F4107,K24-35
2020-07-25 21:27:46,0007ACA1CE,K24-35
2020-07-25 21:28:00,00078850FB,K24-35
2020-07-25 21:33:37,00074FA4F8,K24-35
2020-07-25 21:35:35,00068E1A0D,K24-35
2020-07-25 21:35:45,00075D1E39,K24-35
2020-07-25 21:35:56,00071E101F,K24-35
2020-07-25 21:36:34,0007AC4999,K24-35
2020-07-25 21:36:59,00074F238E,K24-35
2020-07-25 21:38:40,000770D8F5,K24-35
2020-07-25 21:39:31,0006B35440,K24-35
2020-07-25 21:42:11,000786B311,K24-35
2020-07-25 21:44:01,0007ABEDDE,K24-35
2020-07-26 04:58:46,00075D110D,K24-35
2020-07-26 04:59:17,00075D2562,K24-35
2020-07-26 04:59:23,0007ACA1CE,K24-35
2020-07-26 04:59:45,000786B311,K24-35
2020-07-26 05:00:30,00074BE89B,K24-35
2020-07-26 05:00:48,000770D8F5,K24-35
2020-07-26 05:03:02,00071E101F,K24-35
2020-07-26 05:05:48,0007AC4999,K24-35
2020-07-26 05:05:51,00074FA4F8,K24-35
2020-07-26 05:11:18,00074F4107,K24-35
2020-07-26 05:13:58,00068E1A0D,K24-35
2020-07-26 05:14:09,0006B35440,K24-35
2020-07-26 14:10:15,0006B36D8B,K24-35
2020-07-26 21:21:26,00075D2562,K24-35
2020-07-26 21:27:59,00075D1E39,K24-35
2020-07-26 21:29:41,0007ACA1CE,K24-35
2020-07-26 21:30:53,00074F4107,K24-35
2020-07-26 21:31:31,00078850FB,K24-35
2020-07-26 21:31:37,0007AC4999,K24-35
2020-07-26 21:34:06,0006B35440,K24-35
2020-07-26 21:35:59,00068E1A0D,K24-35
2020-07-26 21:36:18,000770D8F5,K24-35
2020-07-26 21:36:44,00074FA4F8,K24-35
2020-07-26 21:36:56,000786B5F7,K24-35
2020-07-26 21:37:21,000786B311,K24-35
2020-07-26 21:37:25,00074F238E,K24-35
2020-07-26 21:41:37,0007ABEDDE,K24-35
2020-07-26 21:41:50,00074BE89B,K24-35
2020-07-27 05:09:36,00075D110D,K24-35
2020-07-27 05:09:45,0006B35440,K24-35
2020-07-27 05:10:44,00074BE89B,K24-35
2020-07-27 05:10:56,000786B5F7,K24-35
2020-07-27 05:10:59,0007ACA1CE,K24-35
2020-07-27 05:11:31,00074FA4F8,K24-35
2020-07-27 05:12:11,000770D8F5,K24-35
2020-07-27 05:13:24,00075D2562,K24-35
2020-07-27 05:13:35,00068E1A0D,K24-35
2020-07-27 05:15:06,0007AC4999,K24-35
2020-07-27 05:19:39,000786B311,K24-35
2020-07-27 17:57:09,0006B36D8B,K24-35
2020-07-27 21:21:46,0007ACA1CE,K24-35
2020-07-27 21:27:01,00075D2562,K24-35
2020-07-27 21:27:12,00074F4107,K24-35
2020-07-27 21:27:32,00075D1E39,K24-35
2020-07-27 21:27:46,00074FA4F8,K24-35
2020-07-27 21:28:08,00078850FB,K24-35
2020-07-27 21:29:42,00068E1A0D,K24-35
2020-07-27 21:30:58,00071E101F,K24-35
2020-07-27 21:34:12,0007AC4999,K24-35
2020-07-27 21:35:45,0006B35440,K24-35
2020-07-27 21:36:06,000786B311,K24-35
2020-07-27 21:36:07,000786B5F7,K24-35
2020-07-27 21:36:15,000770D8F5,K24-35
2020-07-27 21:37:20,00074F238E,K24-35
2020-07-27 21:38:23,00074BE89B,K24-35
2020-07-27 21:40:20,00075D110D,K24-35
2020-07-27 21:41:14,0007ABEDDE,K24-35
2020-07-28 16:10:32,0006B36D8B,K24-35
2020-07-28 16:24:09,0006B36D8B,K7
2020-07-28 18:07:37,00071E101F,K7
2020-07-28 21:16:41,0007ACA1CE,K7
2020-07-28 21:19:28,00074F4107,K7
2020-07-28 21:19:30,00075D1E39,K7
2020-07-28 21:24:22,00071E101F,K7
2020-07-28 21:25:31,00075D2562,K7
2020-07-28 21:25:53,0007AC4999,K7
2020-07-28 21:27:16,000770D8F5,K7
2020-07-28 21:27:19,000786B5F7,K7
2020-07-28 21:29:02,00078850FB,K7
2020-07-28 21:29:41,000786B311,K7
2020-07-28 21:35:18,0006B35440,K7
2020-07-28 21:42:17,00075D110D,K7
2020-07-29 05:01:15,00075D2562,K7
2020-07-29 05:02:02,0006B35440,K7
2020-07-29 05:02:23,00075D110D,K7
2020-07-29 05:03:05,000770D8F5,K7
2020-07-29 05:03:07,0007ABEDDE,K7
2020-07-29 05:03:17,00074FA4F8,K7
2020-07-29 05:03:34,0007AC4999,K7
2020-07-29 05:03:39,00074BE89B,K7
2020-07-29 16:58:37,0006B36D8B,K7
2020-07-29 21:22:28,00074F4107,K7
2020-07-29 21:22:39,00075D2562,K7
2020-07-29 21:25:11,00071E101F,K7
2020-07-29 21:25:28,00078850FB,K7
2020-07-29 21:27:59,00075D1E39,K7
2020-07-29 21:29:27,0006B35440,K7
2020-07-29 21:29:29,0007AC4999,K7
2020-07-29 21:31:41,000770D8F5,K7
2020-07-29 21:31:45,0007ABEDDE,K7
2020-07-29 21:32:16,00074BE89B,K7
2020-07-29 21:32:31,00074F238E,K7
2020-07-29 21:34:41,000786B311,K7
2020-07-29 21:35:13,0007ACA1CE,K7
2020-07-29 21:36:44,000786B5F7,K7
2020-07-29 21:37:40,00068E1A0D,K7
2020-07-29 21:37:41,00074FA4F8,K7
2020-07-29 21:42:42,00075D110D,K7
2020-07-30 05:05:28,00075D2562,K7
2020-07-30 05:05:53,00075D110D,K7
2020-07-30 05:07:22,0007AC4999,K7
2020-07-30 05:07:45,000786B5F7,K7
2020-07-30 05:07:47,000770D8F5,K7
2020-07-30 05:07:50,00074FA4F8,K7
2020-07-30 05:08:09,00071E101F,K7
2020-07-30 05:10:57,00074BE89B,K7
2020-07-30 05:26:17,0007ABEDDE,K7
2020-07-30 17:42:35,0006B36D8B,K7
2020-07-30 21:20:55,00075D1E39,K7
2020-07-30 21:21:14,00074FA4F8,K7
2020-07-30 21:21:18,00075D2562,K7
2020-07-30 21:22:14,0007ACA1CE,K7
2020-07-30 21:22:15,00078850FB,K7
2020-07-30 21:22:20,00074F4107,K7
2020-07-30 21:22:28,0007AC4999,K7
2020-07-30 21:23:49,00071E101F,K7
2020-07-30 21:26:36,00068E1A0D,K7
2020-07-30 21:29:22,00074BE89B,K7
2020-07-30 21:29:48,000770D8F5,K7
2020-07-30 21:31:46,0006B35440,K7
2020-07-30 21:31:59,000786B311,K7
2020-07-30 21:32:07,000786B5F7,K7
2020-07-30 21:32:56,00074F238E,K7
2020-07-30 21:38:17,00075D110D,K7
2020-07-31 05:05:21,00075D2562,K7
2020-07-31 05:06:23,00075D110D,K7
2020-07-31 05:07:00,000786B311,K7
2020-07-31 05:08:21,0007ABEDDE,K7
2020-07-31 05:15:44,000770D8F5,K7
2020-07-31 05:16:25,0007AC4999,K7
2020-07-31 13:20:02,00078850FB,K7
2020-07-31 13:25:04,0006B36D8B,K7
2020-07-31 16:15:33,000770D8F5,K7
2020-07-31 21:19:02,0007ACA1CE,K7
2020-07-31 21:19:40,00074FA4F8,K7
2020-07-31 21:21:06,00075D2562,K7
2020-07-31 21:24:39,00075D1E39,K7
2020-07-31 21:24:41,00078850FB,K7
2020-07-31 21:24:43,000786B311,K7
2020-07-31 21:25:35,000770D8F5,K7
2020-07-31 21:26:03,00071E101F,K7
2020-07-31 21:27:07,00074F4107,K7
2020-07-31 21:27:12,0007AC4999,K7
2020-07-31 21:27:23,00068E1A0D,K7
2020-07-31 21:27:37,0006B35440,K7
2020-07-31 21:28:19,000786B5F7,K7
2020-07-31 21:30:11,0007ABEDDE,K7
2020-07-31 21:30:35,00074F238E,K7
2020-07-31 21:41:13,00075D110D,K7
2020-08-01 05:14:11,00075D2562,K7
2020-08-01 05:15:44,00075D110D,K7
2020-08-01 05:17:21,0007AC4999,K7
2020-08-01 05:22:27,000786B311,K7
2020-08-01 05:23:00,000786B5F7,K7
2020-08-01 05:24:04,0006B35440,K7
2020-08-01 13:12:05,0007AC4999,K7
2020-08-01 13:52:07,000786B311,K7
2020-08-01 14:51:44,0006B36D8B,K7
2020-08-01 21:10:47,00075D1E39,K7
2020-08-01 21:11:01,0007ACA1CE,K7
2020-08-01 21:14:58,00074FA4F8,K7
2020-08-01 21:17:44,00074F4107,K7
2020-08-01 21:19:36,00078850FB,K7
2020-08-01 21:20:09,0007AC4999,K7
2020-08-01 21:21:35,00075D2562,K7
2020-08-01 21:23:25,000786B311,K7
2020-08-01 21:23:59,00071E101F,K7
2020-08-01 21:24:06,000770D8F5,K7
2020-08-01 21:26:34,000786B5F7,K7
2020-08-01 21:27:36,00068E1A0D,K7
2020-08-01 21:30:05,00075D110D,K7
2020-08-02 17:09:18,0006B36D8B,K7
2020-08-02 21:11:53,0007ACA1CE,K233
2020-08-02 21:14:53,0007AC4999,K233
2020-08-02 21:15:31,00078850FB,K233
2020-08-02 21:15:41,00074F4107,K233
2020-08-02 21:16:13,00068E1A0D,K233
2020-08-02 21:16:27,00071E101F,K233
2020-08-02 21:17:38,00074FA4F8,K233
2020-08-02 21:20:06,00075D2562,K233
2020-08-02 21:20:25,00075D110D,K233
2020-08-02 21:23:25,00074F238E,K7
2020-08-03 05:47:44,00075D2562,K7
2020-08-03 10:56:22,0006B36D8B,K233
2020-08-04 16:46:39,0006B36D8B,K2
2020-08-04 21:13:33,0007ACA1CE,K2
2020-08-04 21:14:46,0007AC48AB,K2
2020-08-04 21:16:44,000783F50E,K2
2020-08-04 21:18:29,00074F4107,K2
2020-08-04 21:19:56,00078850FB,K2
2020-08-04 21:20:08,0007ACA41C,K2
2020-08-04 21:20:36,000770D8F5,K2
2020-08-04 21:20:40,0007AC4999,K2
2020-08-04 21:21:07,00075D1E39,K2
2020-08-04 21:22:08,00074BE89B,K2
2020-08-04 21:22:56,00074F238E,K2
2020-08-04 21:23:06,00068E1A0D,K2
2020-08-04 21:23:51,00071E101F,K2
2020-08-04 21:24:33,000786B311,K2
2020-08-04 21:26:10,0007AC7789,K2
2020-08-04 21:26:52,00075D110D,K2
2020-08-04 21:26:55,00075D2562,K2
2020-08-05 01:20:46,00074F4107,K2
2020-08-05 04:07:03,00074F4107,K2
2020-08-05 05:08:21,00074FA4F8,K2
2020-08-05 05:09:42,00075D110D,K2
2020-08-05 05:12:06,0007ACA1CE,K2
2020-08-05 05:12:29,00075D2562,K2
2020-08-05 05:12:42,0007AC4999,K2
2020-08-05 05:12:46,000783F50E,K2
2020-08-05 05:13:56,000786B311,K2
2020-08-05 05:14:01,00068E1A0D,K2
2020-08-05 05:14:45,000770D8F5,K2
2020-08-05 05:15:05,00074F238E,K2
2020-08-05 05:16:19,000786B5F7,K2
2020-08-05 08:33:15,0007AC48AB,K2
2020-08-05 08:38:14,0006B36D8B,K2
2020-08-05 15:23:05,0007ACA41C,K2
2020-08-05 17:35:38,0007ACA41C,K2
2020-08-05 21:13:09,0007AC4999,K2
2020-08-05 21:13:30,00074FA4F8,K2
2020-08-05 21:13:35,0007AC48AB,K2
2020-08-05 21:13:40,0007ACA1CE,K2
2020-08-05 21:15:20,00078850FB,K2
2020-08-05 21:17:42,0007ACA41C,K2
2020-08-05 21:19:49,00068E1A0D,K2
2020-08-05 21:19:54,0006B35440,K2
2020-08-05 21:20:51,000786B311,K2
2020-08-05 21:20:55,00075D1E39,K2
2020-08-05 21:20:59,00074BE89B,K2
2020-08-05 21:21:03,000783F50E,K2
2020-08-05 21:21:46,000770D8F5,K2
2020-08-05 21:22:37,00071E101F,K2
2020-08-05 21:23:24,00075D2562,K2
2020-08-05 21:23:49,0007AC7789,K2
2020-08-06 05:34:51,00078850FB,K2
2020-08-06 05:35:03,00075D110D,K2
2020-08-06 05:35:15,0007ACA1CE,K2
2020-08-06 05:35:21,00068E1A0D,K2
2020-08-06 05:35:45,0007AC4999,K2
2020-08-06 05:35:46,000783F50E,K2
2020-08-06 05:36:22,00074FA4F8,K2
2020-08-06 05:36:33,00075D2562,K2
2020-08-06 05:36:48,000786B311,K2
2020-08-06 05:37:06,0007AC7789,K2
2020-08-06 05:37:55,0007ABEDDE,K2
2020-08-06 05:39:21,0007AC48AB,K2
2020-08-06 08:15:38,0006B36D8B,K2
2020-08-06 14:54:32,0007AC48AB,K2
2020-08-06 15:24:12,000783F50E,K2
2020-08-06 16:54:02,0007ACA41C,K2
2020-08-06 17:30:25,0007ACA41C,K2
2020-08-06 20:59:53,0007AC48AB,K2
2020-08-06 21:06:32,00075D1E39,K2
2020-08-06 21:07:17,0007ACA1CE,K2
2020-08-06 21:07:23,00074FA4F8,K2
2020-08-06 21:09:17,00074F4107,K2
2020-08-06 21:11:10,00068E1A0D,K2
2020-08-06 21:11:25,00078850FB,K2
2020-08-06 21:12:06,0007AC4999,K2
2020-08-06 21:12:11,00074F238E,K2
2020-08-06 21:12:16,0007ACA41C,K2
2020-08-06 21:12:42,000783F50E,K2
2020-08-06 21:14:02,000786B311,K2
2020-08-06 21:14:39,0007AC7789,K2
2020-08-06 21:14:54,000770D8F5,K2
2020-08-06 21:14:58,0007ABEDDE,K2
2020-08-06 21:15:18,00071E101F,K2
2020-08-06 21:15:24,0006B35440,K2
2020-08-06 21:18:43,00075D2562,K2
2020-08-07 04:15:17,0007AC7789,K2
2020-08-07 04:18:20,00074F4107,K2
2020-08-07 04:52:51,00074F4107,K2
2020-08-07 05:16:03,000783F50E,K2
2020-08-07 05:17:14,000786B311,K2
2020-08-07 05:18:28,00075D110D,K2
2020-08-07 05:18:31,00071E101F,K2
2020-08-07 05:18:58,0007ACA1CE,K2
2020-08-07 05:19:49,00075D2562,K2
2020-08-07 05:20:09,00074F238E,K2
2020-08-07 05:23:34,0007ACA41C,K2
2020-08-07 05:23:49,00068E1A0D,K2
2020-08-07 05:25:43,000786B5F7,K2
2020-08-07 05:29:36,0007AC4999,K2
2020-08-07 05:31:11,00074FA4F8,K2
2020-08-07 05:31:13,0007AC7789,K2
2020-08-07 05:36:55,000770D8F5,K2
2020-08-07 10:56:58,0006B36D8B,K2
2020-08-07 13:09:51,000783F50E,K2
2020-08-07 13:21:31,0007ACA41C,K2
2020-08-07 13:36:11,0007AC7789,K2
2020-08-07 15:27:47,0007AC48AB,K2
2020-08-07 16:33:09,0007ACA41C,K2
2020-08-07 21:11:55,0007AC48AB,K2
2020-08-07 21:12:19,00075D1E39,K2
2020-08-07 21:12:25,0007ACA41C,K2
2020-08-07 21:12:38,000783F50E,K2
2020-08-07 21:13:33,00074FA4F8,K2
2020-08-07 21:13:47,00068E1A0D,K2
2020-08-07 21:13:51,00078850FB,K2
2020-08-07 21:14:00,0007ACA1CE,K2
2020-08-07 21:14:11,0007AC4999,K2
2020-08-07 21:14:15,00074F4107,K2
2020-08-07 21:14:17,00074F238E,K2
2020-08-07 21:14:35,000786B311,K2
2020-08-07 21:14:41,00071E101F,K2
2020-08-07 21:15:20,000770D8F5,K2
2020-08-07 21:16:25,0007AC7789,K2
2020-08-07 21:18:08,0006B35440,K2
2020-08-07 21:20:29,00075D2562,K2
2020-08-07 21:24:13,00075D110D,K2
2020-08-08 05:38:17,00075D110D,K2
2020-08-08 05:38:30,00068E1A0D,K2
2020-08-08 05:38:51,0007AC7789,K2
2020-08-08 05:39:07,0007AC48AB,K2
2020-08-08 05:39:35,0007ACA1CE,K2
2020-08-08 05:40:59,0007AC4999,K2
2020-08-08 05:42:46,00071E101F,K2
2020-08-08 05:43:06,00075D2562,K2
2020-08-08 08:33:46,0006B36D8B,K2
2020-08-17 13:39:20,0006B36D8B,K23
2020-08-17 20:51:40,000783F50E,K23
2020-08-17 20:52:29,00074F4107,K23
2020-08-17 20:52:35,00068E1A0D,K23
2020-08-17 20:52:38,0007ACA41C,K23
2020-08-17 20:54:50,000770D8F5,K23
2020-08-17 20:57:43,0007AC4999,K23
2020-08-17 21:00:04,00074F238E,K23
2020-08-17 21:01:31,00075D1E39,K23
2020-08-17 21:03:29,00075D2562,K23
2020-08-17 21:04:29,00075D110D,K23
2020-08-17 21:04:36,0006B35440,K23
2020-08-18 05:29:18,0007AC4999,K23
2020-08-18 05:32:11,00075D2562,K23
2020-08-18 05:32:31,00075D110D,K23
2020-08-18 05:33:05,000786B311,K23
2020-08-18 05:33:18,00074BE89B,K23
2020-08-18 06:00:20,00078850FB,K23
2020-08-18 11:52:19,0006B36D8B,K23
2020-08-18 20:48:26,0007AC48AB,K23
2020-08-18 20:50:19,0007ACA41C,K23
2020-08-18 20:50:53,00074F4107,K23
2020-08-18 20:50:57,0007AC4999,K23
2020-08-18 20:51:01,00074BE89B,K23
2020-08-18 20:53:32,00068E1A0D,K23
2020-08-18 20:53:46,00078850FB,K23
2020-08-18 20:54:42,00071E101F,K23
2020-08-18 20:55:50,0007AC7789,K23
2020-08-18 20:55:52,000786B311,K23
2020-08-18 20:56:56,000783F50E,K23
2020-08-18 20:59:42,00074F238E,K23
2020-08-18 20:59:55,000770D8F5,K23
2020-08-18 21:00:04,00075D1E39,K23
2020-08-18 21:00:14,0007ACA1CE,K23
2020-08-18 21:01:57,00075D2562,K23
2020-08-18 21:02:44,00075D110D,K23
2020-08-19 05:22:19,00075D110D,K23
2020-08-19 05:22:46,00075D2562,K23
2020-08-19 05:25:23,0007ACA41C,K23
2020-08-19 05:25:43,0007ABEDDE,K23
2020-08-19 05:30:08,0006B35440,K23
2020-08-19 05:36:35,0007AC4999,K23
2020-08-19 05:40:42,000786B311,K23
2020-08-19 19:23:49,0006B36D8B,K23
2020-08-19 20:49:57,00068E1A0D,K23
2020-08-19 20:50:06,0007AC48AB,K23
2020-08-19 20:50:59,000786B311,K23
2020-08-19 20:51:59,0007ACA41C,K23
2020-08-19 20:52:27,00074FA4F8,K23
2020-08-19 20:54:16,00074F238E,K23
2020-08-19 20:55:02,0007AC4999,K23
2020-08-19 20:55:57,00074F4107,K23
2020-08-19 20:56:16,00074BE89B,K23
2020-08-19 20:57:44,0007AC7789,K23
2020-08-19 20:58:06,000770D8F5,K23
2020-08-19 20:58:59,0007ABEDDE,K23
2020-08-19 20:59:10,000783F50E,K23
2020-08-19 20:59:28,00075D2562,K23
2020-08-19 21:01:18,00071E101F,K23
2020-08-19 21:01:38,00075D1E39,K23
2020-08-19 21:03:08,00075D110D,K23
2020-08-20 06:03:16,00075D2562,K23
2020-08-20 06:03:34,00068E1A0D,K23
2020-08-20 06:03:47,0007AC4999,K23
2020-08-20 06:03:49,00075D110D,K23
2020-08-20 13:09:17,0006B36D8B,K23
2020-08-20 20:42:53,0007AC48AB,K23
2020-08-20 20:46:02,00068E1A0D,K23
2020-08-20 20:46:17,00074F4107,K23
2020-08-20 20:47:29,0007ACA41C,K23
2020-08-20 20:50:13,0007AC4999,K23
2020-08-20 20:51:34,00071E101F,K23
2020-08-20 20:52:57,00075D2562,K23
2020-08-20 20:56:35,0007ACA1CE,K23
2020-08-20 20:57:48,00075D110D,K23
2020-08-21 06:08:29,0007AC48AB,K23
2020-08-21 06:09:30,0007AC4999,K23
2020-08-21 12:29:35,0006B36D8B,K23
2020-08-21 20:35:58,0007AC48AB,K23
2020-08-21 20:39:06,00068E1A0D,K23
2020-08-21 20:43:02,0007ACA41C,K23
2020-08-21 20:44:01,00074F4107,K23
2020-08-22 05:48:58,00075D2562,K23
2020-08-22 05:50:00,00075D110D,K23
2020-08-22 05:53:27,0007AC4999,K23
2020-08-22 05:53:34,00068E1A0D,K23
2020-08-22 05:53:57,0007ACA41C,K23
2020-08-22 16:21:16,0006B36D8B,K23
2020-08-22 20:51:19,0007AC48AB,K23
2020-08-22 20:54:58,00068E1A0D,K23
2020-08-22 20:56:21,00074F4107,K23
2020-08-22 20:56:25,0007ACA1CE,K23
2020-08-22 20:56:29,000786B5F7,K23
2020-08-22 21:02:33,00075D2562,K23
2020-08-22 21:02:42,00075D110D,K23
2020-08-23 05:39:21,00075D2562,K23
2020-08-23 05:40:17,00075D110D,K23
2020-08-23 05:40:39,0007AC4999,K23
2020-08-23 05:47:19,00074BE89B,K23
2020-08-23 18:46:32,0006B36D8B,K23
2020-08-23 20:51:46,0007ACA41C,K23
2020-08-23 20:53:19,00068E1A0D,K23
2020-08-23 20:53:23,00074BE89B,K23
2020-08-23 20:54:27,0007AC4999,K23
2020-08-23 20:54:34,00071E101F,K23
2020-08-23 20:55:20,0007ACA1CE,K23
2020-08-23 20:58:27,00074F4107,K23
2020-08-23 21:01:56,00075D110D,K23
2020-08-23 21:02:04,00075D2562,K23
2020-08-24 19:58:30,0006B36D8B,K23
2020-08-24 20:55:22,0007ACA41C,K24-35
2020-08-24 20:58:17,00071E101F,K24-35
2020-08-24 20:58:23,00074F4107,K24-35
2020-08-24 21:00:35,00068E1A0D,K24-35
2020-08-24 21:00:40,00074BE89B,K24-35
2020-08-24 21:01:57,0007ACA1CE,K24-35
2020-08-24 21:02:42,0007AC4999,K24-35
2020-08-24 21:06:41,00075D110D,K24-35
2020-08-24 21:06:52,00075D2562,K24-35
2020-08-25 05:22:50,00068E1A0D,K24-35
2020-08-25 05:23:17,00075D2562,K24-35
2020-08-25 05:23:21,0007AC4999,K24-35
2020-08-25 05:23:36,00075D110D,K24-35
2020-08-25 05:24:00,0007AC48AB,K24-35
2020-08-25 05:29:46,000783F50E,K24-35
2020-08-25 05:33:35,00074F4107,K24-35
2020-08-25 05:43:21,0007ACA1CE,K24-35
2020-08-25 09:45:51,0006B36D8B,K24-35
2020-08-26 16:14:44,0006B36D8B,K23
2020-08-26 20:25:21,00068E1A0D,K23
2020-08-26 20:30:21,0007AC48AB,K23
2020-08-26 20:30:33,0007ACA1CE,K23
2020-08-26 20:31:18,0007ACA41C,K23
2020-08-26 20:34:28,0007AC4999,K23
2020-08-26 20:35:23,00074F4107,K23
2020-08-26 20:39:11,00075D110D,K23
2020-08-27 05:25:23,000783F50E,K23
2020-08-27 05:27:25,00074F4107,K23
2020-08-27 05:42:36,0007AC4999,K23
2020-08-27 05:44:04,00075D110D,K23
2020-08-27 17:53:33,0006B36D8B,K23
2020-08-27 20:39:30,00068E1A0D,K23
2020-08-27 20:42:39,0007AC48AB,K23
2020-08-27 20:44:11,0007ACA41C,K23
2020-08-27 20:44:53,0007AC4999,K23
2020-08-27 20:47:37,00074F4107,K23
2020-08-27 20:50:15,00075D110D,K23
2020-08-28 05:45:44,00075D110D,K23
2020-08-28 05:46:27,000783F50E,K23
2020-08-28 05:49:55,0007AC4999,K23
2020-08-28 05:51:41,0007AC48AB,K23
2020-08-28 17:38:57,0006B36D8B,K23
2020-08-28 20:34:52,0007AC48AB,K23
2020-08-28 20:35:52,000783F50E,K23
2020-08-28 20:36:41,0007ACA1CE,K23
2020-08-28 20:36:44,0007ACA41C,K23
2020-08-28 20:40:53,0007AC4999,K23
2020-08-28 20:52:36,00075D110D,K23
2020-08-28 20:52:55,00074F4107,K23
2020-08-29 05:53:49,00075D2562,K23
2020-08-29 05:54:11,00075D110D,K23
2020-08-29 05:58:52,0007AC4999,K23
2020-08-29 12:20:23,0006B36D8B,K23
2020-08-29 20:36:55,00068E1A0D,K23
2020-08-29 20:41:31,0007ACA41C,K23
2020-08-29 20:41:42,0007AC48AB,K23
2020-08-29 20:43:30,0007ACA1CE,K23
2020-08-29 20:46:48,0007AC4999,K23
2020-08-29 20:48:03,00074F4107,K23
2020-08-29 20:48:10,00075D2562,K23
2020-08-29 20:49:54,00075D110D,K23
2020-08-30 06:00:08,0007AC4999,K23
2020-08-30 06:00:32,00075D110D,K23
2020-08-30 06:00:41,00075D2562,K23
2020-08-30 13:16:02,0006B36D8B,K23
2020-08-30 20:54:01,00075D2562,K23
2020-08-30 20:57:15,0007AC4999,K23
2020-08-30 21:00:37,0007ACA41C,K23
2020-08-30 21:02:38,0007ACA1CE,K23
2020-08-30 21:09:31,00074F238E,K23
2020-08-30 21:12:28,00068E1A0D,K23
2020-08-30 21:15:05,00075D110D,K23
2020-08-30 21:32:05,00075D110D,K23
