date_time,id,box
2018-05-04 20:59:55,000770F886,K9
2018-05-04 21:13:06,00074F238E,K9
2018-05-04 21:14:43,00075D1E39,K9
2018-05-04 21:16:11,00075D2562,K9
2018-05-04 21:16:19,0006B3775E,K9
2018-05-04 21:17:35,0006B294D3,K9
2018-05-04 21:17:42,0006B3A093,K9
2018-05-04 21:18:30,000770FBF5,K9
2018-05-05 00:02:48,000770F886,K9
2018-05-05 00:28:48,000770FBF5,K9
2018-05-05 00:50:28,000770FBF5,K9
2018-05-05 00:58:02,00075D8712,K9
2018-05-05 00:59:14,00075D8712,K9
2018-05-05 00:59:19,000770F886,K9
2018-05-05 01:04:02,00075D110D,K9
2018-05-05 01:06:22,00075D110D,K9
2018-05-05 01:35:57,000770F886,K9
2018-05-05 01:36:24,000770F886,K9
2018-05-05 01:48:37,00074F4107,K9
2018-05-05 01:50:12,00075D2562,K9
2018-05-05 02:13:01,00075D2562,K9
2018-05-05 02:13:12,00074F4107,K9
2018-05-05 20:13:11,000770F886,K238
2018-05-05 20:14:03,000770F886,K238
2018-05-05 20:14:24,000770F886,K238
2018-05-05 20:15:01,000770F886,K238
2018-05-05 21:16:06,0006B3775E,K238
2018-05-05 21:16:33,0006B34FCA,K238
2018-05-05 21:20:11,00075D1E39,K238
2018-05-05 21:24:27,0006B3A093,K238
2018-05-05 21:25:27,00075D2562,K238
2018-05-06 00:14:10,00065EBF3C,K238
2018-05-06 00:20:01,00075D110D,K238
2018-05-06 00:20:53,000770F886,K238
2018-05-06 00:29:15,00075D1338,K238
2018-05-06 00:31:25,00075D1338,K238
2018-05-06 00:32:19,00075D1338,K238
2018-05-06 00:39:48,00065EBF3C,K238
2018-05-06 00:48:32,00075D1338,K238
2018-05-06 00:49:18,00075D1338,K238
2018-05-06 00:53:13,00075D110D,K238
2018-05-06 01:09:26,00075D110D,K238
2018-05-06 01:15:58,000770F886,K238
2018-05-06 01:19:19,00075D110D,K238
2018-05-06 01:32:09,000770F886,K238
2018-05-06 01:39:07,00075D110D,K238
2018-05-06 01:51:27,00075D110D,K238
2018-05-06 02:06:47,000770FBF5,K238
2018-05-06 02:18:18,000770F886,K238
2018-05-06 02:22:10,000770FBF5,K238
2018-05-06 02:26:20,000770FBF5,K238
2018-05-06 02:28:15,00075D110D,K238
2018-05-06 02:28:50,000770FBF5,K238
2018-05-06 03:09:27,000770F886,K238
2018-05-06 03:22:37,0006B35440,K238
2018-05-06 03:23:17,0006B35440,K238
2018-05-06 03:26:57,000770F886,K238
2018-05-06 03:34:36,00065EBF3C,K238
2018-05-06 03:42:40,00065EBF3C,K238
2018-05-06 04:20:46,000770F886,K238
2018-05-06 04:22:51,00075D110D,K238
2018-05-06 04:34:31,000770F886,K238
2018-05-06 04:47:16,000770FBF5,K238
2018-05-06 04:47:58,0006B3A093,K238
2018-05-06 05:02:10,00075D110D,K238
2018-05-06 05:02:33,000770F886,K238
2018-05-06 05:03:05,0006B3775E,K238
2018-05-06 05:04:41,0006B34FCA,K238
2018-05-06 05:08:07,00075D1338,K238
2018-05-06 05:11:47,00065EBF3C,K238
2018-05-06 05:11:55,0006B35440,K238
2018-05-06 05:12:45,00074F4107,K238
2018-05-06 05:12:49,00075D2562,K238
2018-05-06 05:13:53,00068E1A0D,K238
2018-05-06 15:48:20,000770F886,K238
2018-05-06 21:07:53,000770F886,K238
2018-05-06 21:22:05,0006B3775E,K238
2018-05-06 21:25:02,00075D1E39,K238
2018-05-06 21:26:44,000770FBF5,K238
2018-05-06 21:30:21,0006B34FCA,K238
2018-05-06 21:31:45,00075D2562,K238
2018-05-06 21:32:31,0006B3A093,K238
2018-05-06 21:32:57,00075D1338,K238
2018-05-07 04:57:34,000770F886,K238
2018-05-07 04:57:55,0006B3775E,K238
2018-05-07 05:00:18,00075D110D,K238
2018-05-07 05:00:26,00074F4107,K238
2018-05-07 05:01:08,0006B34FCA,K238
2018-05-07 05:01:18,000770FBF5,K238
2018-05-07 05:01:22,00075D2562,K238
2018-05-07 05:01:42,0006B39900,K238
2018-05-07 05:01:48,0006B35440,K238
2018-05-07 05:01:54,00074FA4F8,K238
2018-05-07 05:03:17,00068E1A0D,K238
2018-05-07 05:05:30,00065EBF3C,K238
2018-05-07 05:08:06,00075D1338,K238
2018-05-07 05:10:35,0006B2A1D2,K238
2018-05-07 14:43:22,000770F886,K238
2018-05-07 14:43:33,000770F886,K238
2018-05-07 14:43:44,000770F886,K238
2018-05-07 14:43:55,000770F886,K238
2018-05-07 14:44:06,000770F886,K238
2018-05-07 14:44:17,000770F886,K238
2018-05-07 14:44:28,000770F886,K238
2018-05-07 14:44:39,000770F886,K238
2018-05-07 14:44:50,000770F886,K238
2018-05-07 14:45:01,000770F886,K238
2018-05-07 14:45:12,000770F886,K238
2018-05-07 14:45:23,000770F886,K238
2018-05-07 14:45:34,000770F886,K238
2018-05-07 14:45:45,000770F886,K238
2018-05-07 14:45:56,000770F886,K238
2018-05-07 14:46:10,000770F886,K238
2018-05-07 14:47:11,000770F886,K238
2018-05-07 15:11:54,00075D110D,K238
2018-05-07 15:16:16,00075D110D,K238
2018-05-07 15:16:32,000770F886,K238
2018-05-07 15:23:52,000770F886,K238
2018-05-07 15:27:49,00065EBF3C,K238
2018-05-07 15:31:52,00065EBF3C,K238
2018-05-07 15:32:03,00065EBF3C,K238
2018-05-07 15:39:13,00075D2562,K238
2018-05-07 15:39:24,00075D2562,K238
2018-05-07 15:39:35,00075D2562,K238
2018-05-07 15:41:45,00075D2562,K238
2018-05-07 15:57:31,000770FBF5,K238
2018-05-07 16:06:20,000770F886,K238
2018-05-07 16:09:48,000770F886,K238
2018-05-07 16:24:04,000770FBF5,K238
2018-05-07 16:24:39,000770FBF5,K238
2018-05-07 16:24:50,000770FBF5,K238
2018-05-07 16:25:05,000770FBF5,K238
2018-05-07 16:25:17,000770FBF5,K238
2018-05-07 16:25:28,000770FBF5,K238
2018-05-07 16:25:39,000770FBF5,K238
2018-05-07 16:25:50,000770FBF5,K238
2018-05-07 16:26:01,000770FBF5,K238
2018-05-07 16:26:12,000770FBF5,K238
2018-05-07 16:26:23,000770FBF5,K238
2018-05-07 16:26:34,000770FBF5,K238
2018-05-07 16:26:45,000770FBF5,K238
2018-05-07 16:26:56,000770FBF5,K238
2018-05-07 16:27:07,000770FBF5,K238
2018-05-07 16:27:18,000770FBF5,K238
2018-05-07 16:27:29,000770FBF5,K238
2018-05-07 16:27:40,000770FBF5,K238
2018-05-07 16:27:51,000770FBF5,K238
2018-05-07 16:28:02,000770FBF5,K238
2018-05-07 16:28:13,000770FBF5,K238
2018-05-07 16:28:24,000770FBF5,K238
2018-05-07 16:28:35,000770FBF5,K238
2018-05-07 16:28:46,000770FBF5,K238
2018-05-07 16:28:57,000770FBF5,K238
2018-05-07 16:29:08,000770FBF5,K238
2018-05-07 16:29:19,000770FBF5,K238
2018-05-07 16:29:30,000770FBF5,K238
2018-05-07 16:29:41,000770FBF5,K238
2018-05-07 16:29:52,000770FBF5,K238
2018-05-07 16:30:03,000770FBF5,K238
2018-05-07 16:30:14,000770FBF5,K238
2018-05-07 16:30:25,000770FBF5,K238
2018-05-07 16:30:37,000770FBF5,K238
2018-05-07 16:30:48,000770FBF5,K238
2018-05-07 16:30:59,000770FBF5,K238
2018-05-07 16:31:10,000770FBF5,K238
2018-05-07 16:31:21,000770FBF5,K238
2018-05-07 16:31:32,000770FBF5,K238
2018-05-07 16:31:43,000770FBF5,K238
2018-05-07 16:31:54,000770FBF5,K238
2018-05-07 16:32:05,000770FBF5,K238
2018-05-07 16:32:16,000770FBF5,K238
2018-05-07 16:32:27,000770FBF5,K238
2018-05-07 16:32:38,000770FBF5,K238
2018-05-07 16:32:49,000770FBF5,K238
2018-05-07 16:33:00,000770FBF5,K238
2018-05-07 16:33:11,000770FBF5,K238
2018-05-07 16:33:22,000770FBF5,K238
2018-05-07 16:33:33,000770FBF5,K238
2018-05-07 16:33:44,000770FBF5,K238
2018-05-07 16:33:55,000770FBF5,K238
2018-05-07 16:34:06,000770FBF5,K238
2018-05-07 16:34:17,000770FBF5,K238
2018-05-07 16:34:28,000770FBF5,K238
2018-05-07 16:34:39,000770FBF5,K238
2018-05-07 16:34:50,000770FBF5,K238
2018-05-07 16:35:01,000770FBF5,K238
2018-05-07 16:35:12,000770FBF5,K238
2018-05-07 16:35:23,000770FBF5,K238
2018-05-07 16:35:34,000770FBF5,K238
2018-05-07 16:35:45,000770FBF5,K238
2018-05-07 16:35:56,000770FBF5,K238
2018-05-07 16:36:07,000770FBF5,K238
2018-05-07 16:36:18,000770FBF5,K238
2018-05-07 16:36:29,000770FBF5,K238
2018-05-07 16:36:40,000770FBF5,K238
2018-05-07 16:36:51,000770FBF5,K238
2018-05-07 16:37:02,000770FBF5,K238
2018-05-07 16:37:14,000770FBF5,K238
2018-05-07 16:37:25,000770FBF5,K238
2018-05-07 16:37:36,000770FBF5,K238
2018-05-07 16:37:47,000770FBF5,K238
2018-05-07 16:37:58,000770FBF5,K238
2018-05-07 16:38:09,000770FBF5,K238
2018-05-07 16:38:20,000770FBF5,K238
2018-05-07 16:38:31,000770FBF5,K238
2018-05-07 16:38:42,000770FBF5,K238
2018-05-07 16:38:53,000770FBF5,K238
2018-05-07 16:39:04,000770FBF5,K238
2018-05-07 16:39:15,000770FBF5,K238
2018-05-07 16:39:26,000770FBF5,K238
2018-05-07 16:39:37,000770FBF5,K238
2018-05-07 16:39:48,000770FBF5,K238
2018-05-07 16:39:59,000770FBF5,K238
2018-05-07 16:40:10,000770FBF5,K238
2018-05-07 16:40:22,000770FBF5,K238
2018-05-07 16:40:33,000770FBF5,K238
2018-05-07 16:40:44,000770FBF5,K238
2018-05-07 16:40:55,000770FBF5,K238
2018-05-07 16:41:06,000770FBF5,K238
2018-05-07 16:41:17,000770FBF5,K238
2018-05-07 16:41:28,000770FBF5,K238
2018-05-07 16:41:39,000770FBF5,K238
2018-05-07 16:41:50,000770FBF5,K238
2018-05-07 16:42:01,000770FBF5,K238
2018-05-07 16:42:12,000770FBF5,K238
2018-05-07 16:42:23,000770FBF5,K238
2018-05-07 16:42:34,000770FBF5,K238
2018-05-07 16:42:46,000770FBF5,K238
2018-05-07 16:42:58,000770FBF5,K238
2018-05-07 16:43:09,000770FBF5,K238
2018-05-07 16:43:20,000770FBF5,K238
2018-05-07 16:43:31,000770FBF5,K238
2018-05-07 16:43:42,000770FBF5,K238
2018-05-07 16:43:53,000770FBF5,K238
2018-05-07 16:44:04,000770FBF5,K238
2018-05-07 16:44:15,000770FBF5,K238
2018-05-07 16:44:26,000770FBF5,K238
2018-05-07 16:44:37,000770FBF5,K238
2018-05-07 16:44:48,000770FBF5,K238
2018-05-07 16:45:00,000770FBF5,K238
2018-05-07 16:45:11,000770FBF5,K238
2018-05-07 16:45:22,000770FBF5,K238
2018-05-07 16:45:33,000770FBF5,K238
2018-05-07 16:45:44,000770FBF5,K238
2018-05-07 16:45:55,000770FBF5,K238
2018-05-07 16:46:06,000770FBF5,K238
2018-05-07 16:46:08,00065EBF3C,K238
2018-05-07 16:46:21,00065EBF3C,K238
2018-05-07 16:46:37,000770FBF5,K238
2018-05-07 16:46:48,000770FBF5,K238
2018-05-07 16:46:59,000770FBF5,K238
2018-05-07 16:47:10,000770FBF5,K238
2018-05-07 16:47:21,000770FBF5,K238
2018-05-07 16:47:32,000770FBF5,K238
2018-05-07 16:47:43,000770FBF5,K238
2018-05-07 16:47:54,000770FBF5,K238
2018-05-07 16:48:05,000770FBF5,K238
2018-05-07 16:48:16,000770FBF5,K238
2018-05-07 16:48:27,000770FBF5,K238
2018-05-07 16:48:38,000770FBF5,K238
2018-05-07 16:48:49,000770FBF5,K238
2018-05-07 16:49:00,000770FBF5,K238
2018-05-07 16:49:11,000770FBF5,K238
2018-05-07 16:49:22,000770FBF5,K238
2018-05-07 16:49:33,000770FBF5,K238
2018-05-07 16:49:44,000770FBF5,K238
2018-05-07 16:49:55,000770FBF5,K238
2018-05-07 16:50:07,000770FBF5,K238
2018-05-07 16:50:18,000770FBF5,K238
2018-05-07 16:50:30,000770FBF5,K238
2018-05-07 16:50:41,000770FBF5,K238
2018-05-07 16:50:52,000770FBF5,K238
2018-05-07 16:51:03,000770FBF5,K238
2018-05-07 16:51:18,000770FBF5,K238
2018-05-07 21:16:44,0006B3775E,K238
2018-05-07 21:24:01,0006B2A1D2,K238
2018-05-07 21:32:52,00075D1E39,K238
2018-05-07 21:34:36,0006B34FCA,K238
2018-05-07 21:36:11,0006B3A093,K238
2018-05-07 21:39:04,00075D2562,K238
2018-05-08 04:36:21,00065EBF3C,K238
2018-05-08 04:45:59,000770ED72,K238
2018-05-08 04:48:37,00074F0832,K238
2018-05-08 04:52:58,0006B3A093,K238
2018-05-08 04:56:50,00075D110D,K238
2018-05-08 04:56:57,0006B39900,K238
2018-05-08 05:05:26,00074F4107,K238
2018-05-08 05:06:09,000770F886,K238
2018-05-08 05:10:34,00075D2562,K238
2018-05-08 05:14:47,00068E1A0D,K238
2018-05-08 15:16:17,000770F886,K238
2018-05-08 15:16:31,000770F886,K238
2018-05-08 15:16:42,000770F886,K238
2018-05-08 15:16:58,000770F886,K238
2018-05-08 15:17:09,000770F886,K238
2018-05-08 15:17:21,000770F886,K238
2018-05-08 15:17:39,000770F886,K238
2018-05-08 15:17:50,000770F886,K238
2018-05-08 15:18:08,000770F886,K238
2018-05-08 15:18:23,000770F886,K238
2018-05-08 15:18:35,000770F886,K238
2018-05-08 15:18:46,000770F886,K238
2018-05-08 16:15:42,000770F886,K238
2018-05-08 21:16:54,0006B3775E,K99
2018-05-08 21:21:03,0006B2A1D2,K99
2018-05-08 21:22:51,0006B34FCA,K99
2018-05-08 21:24:22,000770F886,K238
2018-05-08 21:24:51,0006B294D3,K99
2018-05-08 21:28:10,000770ED72,K238
2018-05-08 21:36:04,00075D2562,K238
2018-05-09 04:39:53,000770ED72,K238
2018-05-09 04:50:28,00065EBF3C,K238
2018-05-09 04:51:12,00074F0832,K238
2018-05-09 04:51:25,0006B35440,K238
2018-05-09 04:52:41,0006B39900,K238
2018-05-09 21:19:38,0006B34FCA,K1
2018-05-09 21:19:38,000770ED72,K238
2018-05-09 21:19:40,0006B3775E,K1
2018-05-09 21:20:52,00075D1338,K1
2018-05-09 21:21:08,00075D1E39,K1
2018-05-09 21:21:27,00074F238E,K1
2018-05-09 21:21:33,0006B2A1D2,K1
2018-05-09 21:23:07,0006B3A093,K1
2018-05-09 21:26:55,00075D2562,K1
2018-05-10 04:39:26,00075D110D,K1
2018-05-10 04:40:26,0006B39900,K1
2018-05-10 04:40:40,0006B34FCA,K1
2018-05-10 04:43:16,00074FA4F8,K1
2018-05-10 04:43:36,0006B35440,K1
2018-05-10 04:43:47,00074F0832,K1
2018-05-10 04:44:02,0006B3A093,K1
2018-05-10 04:44:41,00074F4107,K1
2018-05-10 04:45:43,000770ED72,K1
2018-05-10 04:45:48,00065EBF3C,K1
2018-05-10 04:46:55,00074BE89B,K1
2018-05-10 04:47:01,00074F238E,K1
2018-05-10 04:48:26,00075D8712,K1
2018-05-10 04:51:22,00075D2562,K1
2018-05-10 04:56:04,00075D1E39,K1
2018-05-10 04:57:17,0006B3775E,K1
2018-05-10 04:58:45,0006B2A1D2,K1
2018-05-10 04:59:59,00075D1338,K1
2018-05-10 05:08:52,00068E1A0D,K1
2018-05-12 21:21:24,00074F238E,K18
2018-05-12 21:21:57,0006B34FCA,K18
2018-05-12 21:23:09,0006B3775E,K18
2018-05-12 21:23:49,00074F4107,K18
2018-05-12 21:27:11,0006B3A093,K18
2018-05-12 21:27:52,0006B2A1D2,K18
2018-05-12 21:28:10,000770ED72,K18
2018-05-12 21:28:14,0006B35440,K18
2018-05-12 21:28:28,00074BE89B,K18
2018-05-12 21:28:34,00075D1E39,K18
2018-05-12 21:28:57,00075D110D,K18
2018-05-12 21:29:03,0007ABD6CC,K18
2018-05-12 21:35:59,0006B39900,K18
2018-05-13 01:48:05,00075D110D,K18
2018-05-13 02:16:37,00075D110D,K18
2018-05-13 04:42:48,00075D110D,K18
2018-05-13 04:47:11,00074F4107,K18
2018-05-13 04:47:24,00068E1A0D,K18
2018-05-13 04:47:53,0006B39900,K18
2018-05-13 04:48:31,00074BE89B,K18
2018-05-13 04:48:46,0007ABD6CC,K18
2018-05-13 04:48:58,000770ED72,K18
2018-05-13 04:49:08,00074FA4F8,K18
2018-05-13 04:50:18,0006B3A093,K18
2018-05-13 04:52:54,0006B3775E,K18
2018-05-13 04:54:32,00075D1E39,K18
2018-05-13 04:55:07,0006B34FCA,K18
2018-05-13 05:00:18,0006B35440,K18
2018-05-13 05:03:37,00065EBF3C,K18
2018-05-13 21:42:47,0006B39900,K18
2018-05-13 21:43:08,0006B39900,K18
2018-05-13 21:43:23,00074F0832,K18
2018-05-13 21:46:35,000770FBF5,K18
2018-05-13 21:46:48,000770FBF5,K18
2018-05-13 21:47:02,000770FBF5,K18
2018-05-13 21:47:13,000770FBF5,K18
2018-05-13 21:48:02,00074F238E,K18
2018-05-13 21:48:10,0006B34FCA,K18
2018-05-13 21:49:35,00075D1E39,K18
2018-05-13 21:51:04,0006B2A1D2,K18
2018-05-13 21:51:54,00068E1A0D,K18
2018-05-13 21:51:57,0007ABD6CC,K18
2018-05-13 21:52:02,00074F4107,K18
2018-05-13 21:53:33,0006B3775E,K18
2018-05-13 22:01:20,000770ED72,K18
2018-05-13 22:01:29,0006B35440,K18
2018-05-13 22:03:06,00074FA4F8,K18
2018-05-13 22:03:15,00075D1338,K18
2018-05-13 22:03:40,00065EBF3C,K18
2018-05-13 22:04:26,0006B3A093,K18
2018-05-13 22:11:03,00075D2562,K18
2018-05-13 22:38:37,00075D110D,K18
2018-05-13 22:39:02,000770ED72,K18
2018-05-14 00:05:00,00075D110D,K18
2018-05-14 00:06:15,000770ED72,K18
2018-05-14 02:48:46,0006B39900,K18
2018-05-14 04:15:54,00065EBF3C,K18
2018-05-14 21:12:07,00065EBF3C,K9
2018-05-14 21:12:40,00068E1A0D,K9
2018-05-14 21:22:21,00075D1338,K9
2018-05-14 21:22:49,0006B3775E,K9
2018-05-14 21:23:00,0006B2A1D2,K9
2018-05-14 21:23:10,00074F4107,K9
2018-05-14 21:29:59,00074FA4F8,K9
2018-05-14 21:30:59,0006B294D3,K9
2018-05-14 21:32:39,0006B3A093,K9
2018-05-14 21:35:42,0006B35440,K9
2018-05-14 21:36:12,0006B39900,K9
2018-05-14 21:37:41,0006B34FCA,K9
2018-05-14 21:37:46,00074BE89B,K9
2018-05-14 21:41:12,00075D2562,K9
2018-05-15 04:59:52,00065EBF3C,K9
2018-05-15 05:00:09,0006B294D3,K9
2018-05-15 05:00:40,0006B39900,K9
2018-05-15 05:00:56,0007ABD6CC,K9
2018-05-15 05:01:10,00075D2562,K9
2018-05-15 05:01:26,00075D1338,K9
2018-05-15 05:01:41,00075D1E39,K9
2018-05-15 05:01:45,00074BE89B,K9
2018-05-15 05:01:47,0006B35440,K9
2018-05-15 05:02:04,00074F4107,K9
2018-05-15 05:02:05,0006B34FCA,K9
2018-05-15 05:02:26,00075D110D,K9
2018-05-15 05:02:31,0006B2A1D2,K9
2018-05-15 05:03:13,0006B3775E,K9
2018-05-15 05:03:46,00074F0832,K9
2018-05-15 05:03:56,00075D8712,K9
2018-05-15 05:04:14,00068E1A0D,K9
2018-05-15 20:58:14,000770ED72,K9
2018-05-15 21:18:36,00075D1E39,K9
2018-05-15 21:20:46,0006B39900,K9
2018-05-15 21:22:31,0006B34FCA,K9
2018-05-15 21:23:01,00074F238E,K9
2018-05-15 21:23:11,000770FBF5,K9
2018-05-15 21:24:15,000770FBF5,K9
2018-05-15 21:24:31,000770FBF5,K9
2018-05-15 21:28:34,00074FA4F8,K9
2018-05-15 21:28:38,00068E1A0D,K9
2018-05-15 21:29:19,00074F0832,K9
2018-05-15 21:29:31,00075D1338,K9
2018-05-15 21:29:56,0006B2A1D2,K9
2018-05-15 21:30:41,00074F4107,K9
2018-05-15 21:31:42,00075D110D,K9
2018-05-15 21:32:07,0006B294D3,K9
2018-05-15 21:32:55,0007ABD6CC,K9
2018-05-15 21:33:02,00074BE89B,K9
2018-05-15 21:33:36,0006B35440,K9
2018-05-15 21:34:12,0006B3775E,K9
2018-05-15 21:35:25,00065EBF3C,K9
2018-05-15 21:35:35,00075D8712,K9
2018-05-15 21:36:16,0006B3A093,K9
2018-05-15 21:39:18,00075D2562,K9
2018-05-15 23:45:52,00075D110D,K9
2018-05-16 01:02:32,00075D1E39,K9
2018-05-16 01:03:19,00075D1E39,K9
2018-05-16 01:07:24,0006B39900,K9
2018-05-16 01:07:46,0006B39900,K9
2018-05-16 01:31:58,0006B39900,K9
2018-05-16 01:32:36,0006B39900,K9
2018-05-16 01:32:47,0006B3A093,K9
2018-05-16 01:34:11,0006B39900,K9
2018-05-16 01:36:22,0006B39900,K9
2018-05-16 01:37:09,0006B39900,K9
2018-05-16 01:38:04,00075D1338,K9
2018-05-16 02:33:53,0006B294D3,K9
2018-05-16 03:20:46,00074FA4F8,K9
2018-05-16 03:33:17,0006B35440,K9
2018-05-16 03:44:31,00065EBF3C,K9
2018-05-16 04:04:06,00074F0832,K9
2018-05-16 04:05:13,0006B3775E,K9
2018-05-16 04:08:10,00068E1A0D,K9
2018-05-16 04:15:36,00074F4107,K9
2018-05-16 04:24:36,0006B3A093,K9
2018-05-16 04:36:24,00075D8712,K9
2018-05-16 04:36:55,0006B34FCA,K9
2018-05-16 21:34:54,00074F4107,K9
2018-05-16 21:39:31,0006B294D3,K9
2018-05-16 21:42:27,0006B3775E,K9
2018-05-16 21:42:33,00075D1338,K9
2018-05-16 21:44:22,00065EBF3C,K9
2018-05-16 21:44:28,00074BE89B,K9
2018-05-16 21:44:42,0006B34FCA,K9
2018-05-16 21:45:06,00068E1A0D,K9
2018-05-16 21:45:17,0006B2A1D2,K9
2018-05-16 21:45:27,00074F0832,K9
2018-05-16 21:46:00,0006B3A093,K9
2018-05-16 21:47:02,0006B35440,K9
2018-05-16 21:47:09,00074F238E,K9
2018-05-16 21:48:47,0006B39900,K9
2018-05-17 04:58:43,0006B39900,K9
2018-05-17 04:59:01,00065EBF3C,K9
2018-05-17 04:59:27,0006B294D3,K9
2018-05-17 04:59:35,00075D110D,K9
2018-05-17 04:59:43,00074F0832,K9
2018-05-17 05:00:22,00074F4107,K9
2018-05-17 05:00:33,00075D1338,K9
2018-05-17 05:00:38,00075D1E39,K9
2018-05-17 05:02:39,0007ABD6CC,K9
2018-05-17 05:03:25,00074BE89B,K9
2018-05-17 05:03:43,00068E1A0D,K9
2018-05-17 05:06:33,0006B3775E,K9
2018-05-17 05:17:41,0006B34FCA,K9
2018-05-17 05:17:55,0006B35440,K9
2018-05-17 05:18:13,00075D2562,K9
2018-05-17 05:20:04,00074FA4F8,K9
2018-05-18 21:37:56,00065EBF3C,K9
2018-05-18 21:38:19,00068E1A0D,K9
2018-05-18 21:38:52,00074F238E,K9
2018-05-18 21:39:28,0006B2A1D2,K9
2018-05-18 21:41:05,00074F4107,K9
2018-05-18 21:45:20,00075D1338,K9
2018-05-18 21:45:25,00074F0832,K9
2018-05-18 21:47:10,0006B3775E,K9
2018-05-18 21:48:21,0006B34FCA,K9
2018-05-18 21:49:26,000770FBF5,K9
2018-05-18 21:50:25,00074FA4F8,K9
2018-05-18 21:52:38,00075D2562,K9
2018-05-18 21:52:41,00075D1E39,K9
2018-05-18 21:53:12,0006B3A093,K9
2018-05-18 21:53:43,0006B39900,K9
2018-05-18 21:56:30,0007ABD6CC,K9
2018-05-18 21:56:36,0006B294D3,K9
2018-05-18 21:57:42,00074BE89B,K9
2018-05-18 22:00:44,000770ED72,K9
2018-05-18 22:01:20,00075D110D,K9
2018-05-19 00:16:14,00075D110D,K9
2018-05-19 00:43:11,00075D110D,K9
2018-05-19 04:05:43,0006B294D3,K9
2018-05-19 04:09:03,0007ABD6CC,K9
2018-05-19 04:09:46,0006B34FCA,K9
2018-05-19 04:11:43,00075D1338,K9
2018-05-19 04:12:10,0006B3A093,K9
2018-05-19 04:17:31,00075D110D,K9
2018-05-19 04:19:04,00074F0832,K9
2018-05-19 04:19:09,00074BE89B,K9
2018-05-19 04:19:17,00075D2562,K9
2018-05-19 04:19:40,00065EBF3C,K9
2018-05-19 04:21:25,00075D1E39,K9
2018-05-19 04:23:51,00074FA4F8,K9
2018-05-19 04:29:32,0006B35440,K9
2018-05-19 04:30:03,00075D8712,K9
2018-05-19 04:30:43,00068E1A0D,K9
2018-05-19 04:31:07,0006B3775E,K9
2018-05-19 04:31:35,00074F4107,K9
2018-05-19 04:33:16,0006B39900,K9
2018-05-19 21:35:44,00074F238E,K9
2018-05-19 21:38:04,0006B34FCA,K9
2018-05-19 21:38:13,00068E1A0D,K9
2018-05-19 21:40:17,00065EBF3C,K9
2018-05-19 21:43:32,000770FBF5,K9
2018-05-19 21:44:07,0006B35440,K9
2018-05-19 21:44:17,0006B2A1D2,K9
2018-05-19 21:44:20,00074FA4F8,K9
2018-05-19 21:44:25,00074F0832,K9
2018-05-19 21:44:31,00074F4107,K9
2018-05-19 21:44:48,0006B3775E,K9
2018-05-19 21:44:56,00075D1338,K9
2018-05-19 21:45:17,00075D1E39,K9
2018-05-19 21:48:50,00075D8712,K9
2018-05-19 21:48:56,0006B294D3,K9
2018-05-19 21:50:21,0006B3A093,K9
2018-05-19 21:52:29,0006B39900,K9
2018-05-19 21:54:23,00075D110D,K9
2018-05-19 21:54:28,00074BE89B,K9
2018-05-19 21:58:26,000770ED72,K9
2018-05-19 22:00:29,00075D2562,K9
2018-05-20 04:48:30,00065EBF3C,K9
2018-05-20 04:49:00,00074F0832,K9
2018-05-20 04:49:10,0006B35440,K9
2018-05-20 04:49:19,0006B3775E,K9
2018-05-20 04:49:26,0006B294D3,K9
2018-05-20 04:49:33,00075D110D,K9
2018-05-20 04:50:23,00074FA4F8,K9
2018-05-20 04:50:34,00075D1338,K9
2018-05-20 04:50:48,00068E1A0D,K9
2018-05-20 04:51:04,00074BE89B,K9
2018-05-20 04:51:12,0006B3A093,K9
2018-05-20 04:52:22,00074F4107,K9
2018-05-20 04:53:12,00075D8712,K9
2018-05-20 04:53:24,0007ABD6CC,K9
2018-05-20 04:54:29,00075D1E39,K9
2018-05-20 04:58:38,00075D2562,K9
2018-05-20 04:59:19,000770FBF5,K9
2018-05-20 05:01:23,0006B39900,K9
2018-05-20 21:42:36,0006B2A1D2,K9
2018-05-20 21:44:47,00065EBF3C,K9
2018-05-20 21:46:46,0006B3775E,K9
2018-05-20 21:46:52,00075D1338,K9
2018-05-20 21:47:14,0006B34FCA,K9
2018-05-20 21:48:37,00074FA4F8,K9
2018-05-20 21:48:57,00068E1A0D,K9
2018-05-20 21:51:18,000770FBF5,K9
2018-05-20 21:52:31,00075D1E39,K9
2018-05-20 21:53:05,00074BE89B,K9
2018-05-20 21:53:26,00075D8712,K9
2018-05-20 21:53:56,00074F0832,K9
2018-05-20 21:54:21,0006B294D3,K9
2018-05-20 21:56:34,00075D110D,K9
2018-05-20 21:57:20,000770ED72,K9
2018-05-20 21:57:34,0006B3A093,K9
2018-05-20 21:57:49,00075D2562,K9
2018-05-21 04:36:32,00074F0832,K9
2018-05-21 04:37:56,0006B294D3,K9
2018-05-21 04:38:01,00074F4107,K9
2018-05-21 04:38:17,00075D1E39,K9
2018-05-21 04:38:26,0006B2A1D2,K9
2018-05-21 04:38:35,00065EBF3C,K9
2018-05-21 04:38:46,00075D8712,K9
2018-05-21 04:39:05,00074FA4F8,K9
2018-05-21 04:39:17,00075D1338,K9
2018-05-21 04:39:19,0006B35440,K9
2018-05-21 04:39:25,0007ABD6CC,K9
2018-05-21 04:39:55,00068E1A0D,K9
2018-05-21 04:40:46,0006B34FCA,K9
2018-05-21 04:40:54,0006B3775E,K9
2018-05-21 04:41:27,000770ED72,K9
2018-05-21 04:43:12,000770FBF5,K9
2018-05-21 04:45:05,00075D110D,K9
2018-05-21 04:46:15,00075D2562,K9
2018-05-21 04:58:08,0006B39900,K9
2018-05-21 19:59:42,000770D8F5,K9
2018-05-21 21:30:31,000770D8F5,K9
2018-05-21 21:31:53,0006B39900,K9
2018-05-21 21:34:45,0006B294D3,K9
2018-05-21 21:37:46,00065EBF3C,K9
2018-05-21 21:38:00,0006B2A1D2,K9
2018-05-21 21:38:39,00074F0832,K9
2018-05-21 21:39:02,0006B3775E,K9
2018-05-21 21:39:06,00074FA4F8,K9
2018-05-21 21:39:41,0006B35440,K9
2018-05-21 21:39:43,0006B34FCA,K9
2018-05-21 21:39:51,00074F238E,K9
2018-05-21 21:41:43,00075D1E39,K9
2018-05-21 21:42:00,00074F4107,K9
2018-05-21 21:42:09,0007ABD6CC,K9
2018-05-21 21:43:01,000770ED72,K9
2018-05-21 21:44:11,00075D1338,K9
2018-05-21 21:44:38,00068E1A0D,K9
2018-05-21 21:46:14,0006B3A093,K9
2018-05-21 21:51:54,00075D2562,K9
2018-05-22 04:32:31,00065EBF3C,K9
2018-05-22 04:32:49,00075D110D,K9
2018-05-22 04:33:07,00075D1338,K9
2018-05-22 04:33:24,00074BE89B,K9
2018-05-22 04:34:07,0006B34FCA,K9
2018-05-22 04:34:15,000770D8F5,K9
2018-05-22 04:34:46,000770ED72,K9
2018-05-22 04:34:53,00068E1A0D,K9
2018-05-22 04:35:05,00074FA4F8,K9
2018-05-22 04:35:26,00074F0832,K9
2018-05-22 04:36:05,0006B39900,K9
2018-05-22 04:36:27,0006B2A1D2,K9
2018-05-22 04:36:39,0006B3A093,K9
2018-05-22 04:36:44,0007ABD6CC,K9
2018-05-22 04:36:50,00074F4107,K9
2018-05-22 04:38:21,00075D8712,K9
2018-05-22 04:40:50,00075D2562,K9
2018-05-22 04:41:11,00075D1E39,K9
2018-05-22 04:45:22,0006B294D3,K9
2018-05-22 04:46:02,0006B3775E,K9
2018-05-22 04:47:24,0006B35440,K9
2018-05-22 21:19:35,0006B294D3,K9
2018-05-22 21:25:34,000770D8F5,K9
2018-05-22 21:32:05,00065EBF3C,K9
2018-05-22 21:33:15,000770FBF5,K9
2018-05-22 21:33:59,00068E1A0D,K9
2018-05-22 21:34:22,0006B2A1D2,K9
2018-05-22 21:35:42,00074F238E,K9
2018-05-22 21:35:55,00074F4107,K9
2018-05-22 21:37:20,0006B3775E,K9
2018-05-22 21:38:01,00075D1338,K9
2018-05-22 21:38:11,0007ABD6CC,K9
2018-05-22 21:39:18,0006B39900,K9
2018-05-22 21:40:12,0006B34FCA,K9
2018-05-22 21:40:15,00074F0832,K9
2018-05-22 21:40:21,00074BE89B,K9
2018-05-22 21:42:40,000770ED72,K9
2018-05-22 21:44:27,00075D1E39,K9
2018-05-22 21:49:52,00075D2562,K9
2018-05-22 21:51:39,00075D110D,K9
2018-05-22 21:52:15,0006B3A093,K9
2018-05-23 04:38:23,0006B39900,K9
2018-05-23 04:45:33,000770ED72,K9
2018-05-23 04:48:59,000770D8F5,K9
2018-05-23 04:52:28,0006B3775E,K9
2018-05-23 04:56:56,00075D110D,K9
2018-05-23 04:57:47,00074F4107,K9
2018-05-23 21:30:15,0006B39900,K9
2018-05-23 21:30:30,0006B39900,K9
2018-05-23 21:30:46,0006B39900,K9
2018-05-23 21:37:25,00074F4107,K9
2018-05-23 21:38:49,000770D8F5,K9
2018-05-23 21:39:00,0006B3775E,K9
2018-05-23 21:40:46,000770ED72,K9
2018-05-23 21:46:25,00065EBF3C,K12
2018-05-23 21:47:43,000770FBF5,K12
2018-05-23 21:48:32,00074F238E,K12
2018-05-23 21:48:35,00075D1E39,K12
2018-05-23 21:49:14,0006B2A1D2,K12
2018-05-23 21:51:34,00074F0832,K12
2018-05-23 21:51:55,00068E1A0D,K12
2018-05-23 21:53:10,00075D1338,K12
2018-05-23 21:53:30,00074FA4F8,K12
2018-05-23 21:53:46,0006B294D3,K12
2018-05-23 21:53:53,0006B35440,K12
2018-05-23 21:54:01,0006B3A093,K12
2018-05-23 21:54:11,00075D8712,K12
2018-05-23 21:55:05,00074BE89B,K12
2018-05-23 21:57:14,0006B34FCA,K12
2018-05-23 21:57:20,0007ABD6CC,K12
2018-05-23 21:59:37,00075D2562,K12
2018-05-23 22:03:36,00075D110D,K12
2018-05-24 00:35:52,00074F0832,K12
2018-05-24 00:36:32,00074F0832,K12
2018-05-24 00:36:48,0006B294D3,K12
2018-05-24 03:25:36,0006B294D3,K12
2018-05-24 21:51:58,00074F238E,K21
2018-05-24 21:54:57,0006B34FCA,K21
2018-05-24 21:57:12,0006B2A1D2,K21
2018-05-24 21:59:02,00075D1E39,K21
2018-05-24 22:01:01,000770D8F5,K21
2018-05-24 22:01:13,0006B3A093,K21
2018-05-24 22:03:47,00075D1338,K21
2018-05-24 22:03:56,0006B3775E,K21
2018-05-25 04:22:26,0006B2A1D2,K21
2018-05-25 04:22:58,00074F0832,K21
2018-05-25 04:23:05,00065EBF3C,K21
2018-05-25 04:23:16,00074FA4F8,K21
2018-05-25 04:23:26,00075D1338,K21
2018-05-25 04:23:34,00075D2562,K21
2018-05-25 04:23:52,00074F238E,K21
2018-05-25 04:25:22,00074BE89B,K21
2018-05-25 04:25:48,0006B34FCA,K21
2018-05-25 04:29:24,000770ED72,K21
2018-05-25 04:29:34,000770FBF5,K21
2018-05-25 04:29:43,00074F4107,K21
2018-05-25 04:30:03,0007ABD6CC,K21
2018-05-25 04:30:22,00075D1E39,K21
2018-05-25 04:34:13,00075D8712,K21
2018-05-25 04:36:16,000770D8F5,K21
2018-05-25 04:36:59,0006B294D3,K21
2018-05-25 04:37:27,0006B35440,K21
2018-05-25 04:38:19,0006B3A093,K21
2018-05-25 04:38:37,00068E1A0D,K21
2018-05-25 04:39:31,00075D110D,K21
2018-05-25 04:40:33,0006B39900,K21
2018-05-25 04:44:26,0006B3775E,K21
2018-05-25 21:49:06,00075D8712,K21
2018-05-25 21:49:28,00074F238E,K21
2018-05-25 21:51:15,0006B2A1D2,K21
2018-05-25 21:51:35,0006B3775E,K21
2018-05-25 21:52:18,0006B35440,K21
2018-05-25 21:52:28,00075D1E39,K21
2018-05-25 21:55:45,00075D1338,K21
2018-05-25 21:58:20,0006B34FCA,K21
2018-05-25 22:14:07,0006B34FCA,K21
2018-05-25 22:40:30,0006B34FCA,K21
2018-05-25 23:04:51,0006B34FCA,K21
2018-05-25 23:29:17,0006B34FCA,K21
2018-05-25 23:39:13,0006B34FCA,K21
2018-05-26 00:11:31,0006B34FCA,K21
2018-05-26 00:41:19,0006B39900,K21
2018-05-26 00:42:42,0006B34FCA,K21
2018-05-26 01:36:10,0006B34FCA,K21
2018-05-26 01:51:45,0006B34FCA,K21
2018-05-26 02:40:03,0006B34FCA,K21
2018-05-26 03:10:09,0006B34FCA,K21
2018-05-26 03:57:35,0006B34FCA,K21
2018-05-26 04:16:42,00065EBF3C,K21
2018-05-26 04:18:32,00075D2562,K21
2018-05-26 04:18:55,0006B2A1D2,K21
2018-05-26 04:22:30,00074BE89B,K21
2018-05-26 04:25:26,000770ED72,K21
2018-05-26 04:25:30,0006B3A093,K21
2018-05-26 04:26:04,0006B34FCA,K21
2018-05-26 04:26:14,00074F0832,K21
2018-05-26 04:26:23,00074FA4F8,K21
2018-05-26 04:27:54,00075D1338,K21
2018-05-26 04:31:18,0006B35440,K21
2018-05-26 04:32:04,0006B294D3,K21
2018-05-26 04:32:14,00075D8712,K21
2018-05-26 04:33:37,0006B39900,K21
2018-05-26 04:34:03,00075D110D,K21
2018-05-26 04:34:42,000770FBF5,K21
2018-05-26 04:35:16,00068E1A0D,K21
2018-05-26 04:37:34,00074F4107,K21
2018-05-26 04:37:54,0007ABD6CC,K21
2018-05-26 04:39:15,00074F238E,K21
2018-05-26 04:40:20,0006B3775E,K21
2018-05-26 04:40:46,000770D8F5,K21
2018-05-26 04:43:45,00075D1E39,K21
2018-05-26 21:41:15,0006B2A1D2,K21
2018-05-26 21:41:41,00075D1E39,K21
2018-05-26 21:41:53,0007ABD6CC,K21
2018-05-26 21:44:29,0006B34FCA,K21
2018-05-26 21:46:03,0006B3775E,K21
2018-05-26 21:46:28,000770ED72,K21
2018-05-26 21:46:44,000770D8F5,K21
2018-05-26 21:46:56,00075D1338,K21
2018-05-26 21:52:10,0006B3A093,K21
2018-05-26 21:56:04,00075D2562,K21
2018-05-27 02:29:00,0006B34FCA,K21
2018-05-27 02:29:14,0006B34FCA,K21
2018-05-27 04:14:57,0006B34FCA,K21
2018-05-27 04:15:39,0006B34FCA,K21
2018-05-27 04:16:58,00074F0832,K21
2018-05-27 04:19:12,0006B34FCA,K21
2018-05-27 04:20:20,0006B2A1D2,K21
2018-05-27 04:20:23,00075D110D,K21
2018-05-27 04:21:03,00075D1338,K21
2018-05-27 04:21:16,00074BE89B,K21
2018-05-27 04:22:05,0006B3A093,K21
2018-05-27 04:24:37,00075D2562,K21
2018-05-27 04:25:47,0006B294D3,K21
2018-05-27 04:26:47,00075D1E39,K21
2018-05-27 04:31:33,0006B35440,K21
2018-05-27 04:39:56,00074F238E,K21
2018-05-27 04:42:42,000770D8F5,K21
2018-05-27 04:48:52,0006B34FCA,K21
2018-05-27 04:52:42,0006B34FCA,K21
2018-05-27 04:56:45,0006B3775E,K21
2018-05-27 21:39:32,0006B294D3,K21
2018-05-27 21:43:24,00074F238E,K21
2018-05-27 21:45:32,0006B34FCA,K21
2018-05-27 21:46:15,000770FBF5,K21
2018-05-27 21:46:23,00075D1E39,K21
2018-05-27 21:46:38,0006B2A1D2,K21
2018-05-27 21:48:28,0006B3775E,K21
2018-05-27 21:50:23,0006B39900,K21
2018-05-27 21:53:17,00075D1338,K21
2018-05-27 21:54:30,0006B3A093,K21
2018-05-27 21:59:36,00075D2562,K21
2018-05-28 02:42:53,0006B34FCA,K21
2018-05-28 04:08:18,0006B34FCA,K21
2018-05-28 04:21:07,0006B2A1D2,K21
2018-05-28 04:21:13,00075D2562,K21
2018-05-28 04:21:35,00074BE89B,K21
2018-05-28 04:22:41,00075D1338,K21
2018-05-28 04:28:18,0006B3A093,K21
2018-05-28 04:28:55,00075D8712,K21
2018-05-28 04:31:58,0006B35440,K21
2018-05-28 04:35:09,00075D1E39,K21
2018-05-28 04:43:52,000770D8F5,K21
2018-05-28 04:45:46,0006B3775E,K21
2018-05-28 04:48:00,0006B34FCA,K21
2018-05-28 04:53:20,0006B34FCA,K21
2018-05-28 14:37:59,000770D8F5,K21
2018-05-28 14:38:14,000770D8F5,K21
2018-05-28 21:31:52,0006B34FCA,K21
2018-05-28 21:34:34,0006B294D3,K21
2018-05-28 21:43:44,0006B2A1D2,K21
2018-05-28 21:44:44,0006B3775E,K21
2018-05-28 21:45:30,000770D8F5,K21
2018-05-28 21:51:07,00075D1338,K21
2018-05-28 21:53:10,00075D2562,K21
2018-05-29 04:22:24,00065EBF3C,K21
2018-05-29 04:22:50,0006B35440,K21
2018-05-29 04:31:41,00075D8712,K21
2018-05-29 04:37:11,00068E1A0D,K21
2018-05-29 04:37:50,00075D1E39,K21
2018-05-29 04:41:20,000770ED72,K21
2018-05-29 04:41:25,0006B3775E,K21
2018-05-29 04:42:25,000770D8F5,K21
2018-05-29 21:27:50,0006B34FCA,K26
2018-05-29 21:29:34,000770FBF5,K26
2018-05-29 21:32:34,00074F238E,K26
2018-05-29 21:35:34,0006B294D3,K26
2018-05-29 21:37:33,0006B3775E,K21
2018-05-29 21:37:45,00074F4107,K26
2018-05-29 21:38:17,0007ABD6CC,K26
2018-05-29 21:38:55,0006B2A1D2,K26
2018-05-29 21:39:04,000770ED72,K26
2018-05-29 21:39:49,00065EBF3C,K21
2018-05-29 21:41:02,00074F0832,K21
2018-05-29 21:41:42,00075D1E39,K21
2018-05-29 21:42:36,00075D110D,K26
2018-05-29 21:48:45,00075D2562,K26
2018-05-29 21:49:14,000770D8F5,K21
2018-05-30 04:22:27,00075D8712,K26
2018-05-30 04:23:26,000770ED72,K26
2018-05-30 04:23:35,00075D110D,K26
2018-05-30 04:23:38,00075D2562,K26
2018-05-30 04:24:34,0006B35440,K26
2018-05-30 04:25:33,0006B3A093,K26
2018-05-30 04:26:29,00074BE89B,K26
2018-05-30 04:26:46,00074FA4F8,K26
2018-05-30 04:27:12,00065EBF3C,K26
2018-05-30 04:27:22,00075D1E39,K26
2018-05-30 04:29:29,0006B3775E,K26
2018-05-30 04:41:50,0007ABD6CC,K26
2018-05-30 04:46:23,00075D1E39,K26
2018-05-30 04:46:34,00075D1E39,K26
2018-05-30 05:01:19,00075D1E39,K26
2018-05-30 05:01:41,0007ABD6CC,K26
2018-05-30 05:02:39,000770D8F5,K26
2018-05-30 05:02:52,0006B35440,K26
2018-05-30 05:03:57,0007ABD6CC,K26
2018-05-30 05:09:42,0006B35440,K26
2018-05-30 05:11:36,0007ABD6CC,K26
2018-05-30 15:51:27,000770D8F5,K26
2018-05-30 15:51:39,000770D8F5,K26
2018-05-30 21:46:47,000770FBF5,K26
2018-05-30 21:47:12,000770FBF5,K26
2018-05-30 21:47:24,0006B294D3,K26
2018-05-30 21:47:37,0007ABD6CC,K26
2018-05-30 21:48:18,00068E1A0D,K26
2018-05-30 21:48:45,00065EBF3C,K26
2018-05-30 21:48:50,0006B35440,K26
2018-05-30 21:49:06,0006B3775E,K26
2018-05-30 21:49:13,00075D1E39,K26
2018-05-30 21:50:05,00074F4107,K26
2018-05-30 21:50:44,00075D8712,K26
2018-05-30 21:51:04,00074BE89B,K26
2018-05-30 21:51:09,00074FA4F8,K26
2018-05-30 21:53:29,000770ED72,K26
2018-05-30 21:53:45,0006B3A093,K26
2018-05-30 21:54:07,0006B2A1D2,K26
2018-05-30 21:56:40,00075D110D,K26
2018-05-30 21:56:44,00075D1338,K26
2018-05-30 21:58:39,000770D8F5,K26
2018-05-30 21:58:51,00075D2562,K26
2018-05-31 00:47:16,0006B34FCA,K26
2018-05-31 00:47:42,0006B34FCA,K26
2018-05-31 04:35:20,00075D110D,K26
2018-05-31 04:37:29,00075D8712,K26
2018-05-31 04:44:10,00075D110D,K26
2018-05-31 04:45:04,00075D8712,K26
2018-05-31 04:47:12,0006B2A1D2,K26
2018-06-02 21:42:24,000770FBF5,K31
2018-06-02 21:46:08,000770ED72,K31
2018-06-02 21:46:14,00074F238E,K31
2018-06-02 21:50:20,0006B2A1D2,K31
2018-06-02 21:50:26,00074F0832,K31
2018-06-02 21:51:44,00075D1E39,K31
2018-06-02 21:52:41,0006B3775E,K31
2018-06-02 21:53:02,00074F4107,K31
2018-06-02 21:54:38,00074FA4F8,K31
2018-06-02 21:54:58,00065EBF3C,K31
2018-06-02 21:57:50,00075D1338,K31
2018-06-02 21:57:58,00074BE89B,K31
2018-06-02 21:58:06,000770D8F5,K31
2018-06-02 21:58:48,0006B3A093,K31
2018-06-02 22:04:49,00075D110D,K31
2018-06-02 22:06:28,00075D2562,K31
2018-06-03 04:15:25,000770ED72,K31
2018-06-03 04:18:09,00074BE89B,K31
2018-06-03 04:19:10,00068E1A0D,K31
2018-06-03 04:20:50,00075D1338,K31
2018-06-03 04:22:01,00075D110D,K31
2018-06-03 04:23:35,00075D1338,K31
2018-06-03 04:24:09,00075D1E39,K31
2018-06-03 04:24:53,0006B2A1D2,K31
2018-06-03 04:25:18,00075D2562,K31
2018-06-03 04:25:33,0006B3775E,K31
2018-06-03 04:29:46,0007ABD6CC,K31
2018-06-03 05:11:56,000770D8F5,K31
2018-06-03 21:54:09,0006B35440,K31
2018-06-03 21:56:15,0006B3775E,K31
2018-06-03 21:56:45,000770FBF5,K31
2018-06-03 21:56:47,00075D1E39,K31
2018-06-03 21:58:58,0006B34FCA,K31
2018-06-03 21:59:18,00074F238E,K31
2018-06-03 21:59:37,0006B294D3,K31
2018-06-03 22:01:08,000770ED72,K31
2018-06-03 22:01:15,0006B2A1D2,K31
2018-06-03 22:01:32,00075D1338,K31
2018-06-03 22:02:04,0007ABD6CC,K31
2018-06-03 22:03:49,000770D8F5,K31
2018-06-03 22:03:53,00075D110D,K31
2018-06-03 22:04:39,00075D2562,K31
2018-06-03 22:04:43,0006B3A093,K31
2018-06-03 22:10:41,0006B35440,K31
2018-06-03 22:22:51,0006B35440,K31
2018-06-03 22:40:01,0006B35440,K31
2018-06-03 22:46:01,0006B35440,K31
2018-06-03 22:46:13,0006B35440,K31
2018-06-03 22:46:59,0006B35440,K31
2018-06-03 22:48:45,00074BE89B,K31
2018-06-03 23:01:54,0006B35440,K31
2018-06-03 23:18:02,0006B35440,K31
2018-06-03 23:23:27,0006B35440,K31
2018-06-03 23:59:05,00074BE89B,K31
2018-06-04 00:18:56,0006B35440,K31
2018-06-04 00:40:01,0006B35440,K31
2018-06-04 00:40:23,0006B35440,K31
2018-06-04 00:43:48,00074BE89B,K31
2018-06-04 01:04:24,0006B35440,K31
2018-06-04 01:04:43,0006B35440,K31
2018-06-04 21:37:01,000770FBF5,K32
2018-06-04 21:44:08,000770ED72,K12
2018-06-04 21:45:29,00065EBF3C,K12
2018-06-04 21:48:27,00075D1E39,K32
2018-06-04 21:48:59,00074F238E,K12
2018-06-04 21:49:07,00074F4107,K12
2018-06-04 21:49:13,0006B34FCA,K32
2018-06-04 21:49:49,00075D1338,K32
2018-06-04 21:49:54,0006B3775E,K12
2018-06-04 21:50:17,0007ABD6CC,K12
2018-06-04 21:51:38,0006B3A093,K32
2018-06-04 21:51:46,00075D110D,K32
2018-06-04 21:52:11,0006B2A1D2,K12
2018-06-04 21:53:03,00068E1A0D,K12
2018-06-04 21:53:27,00074BE89B,K12
2018-06-04 21:53:29,000770D8F5,K32
2018-06-04 21:58:33,00075D2562,K32
2018-06-04 22:17:25,00074BE89B,K32
2018-06-04 22:26:13,00074BE89B,K32
2018-06-04 22:32:04,00074F0832,K12
2018-06-04 22:32:35,00074F0832,K12
2018-06-04 22:38:49,0006B35440,K32
2018-06-04 22:48:29,00074F0832,K12
2018-06-04 23:09:32,000770ED72,K32
2018-06-04 23:10:46,000770ED72,K32
2018-06-04 23:17:29,00074BE89B,K32
2018-06-04 23:19:38,0007ABD6CC,K32
2018-06-04 23:20:32,00074BE89B,K32
2018-06-04 23:25:08,00074F0832,K32
2018-06-04 23:28:14,00074F0832,K32
2018-06-04 23:30:44,0006B35440,K32
2018-06-04 23:58:24,00074F0832,K32
2018-06-05 00:04:28,0006B35440,K32
2018-06-05 00:09:21,0006B34FCA,K32
2018-06-05 00:09:43,0006B3775E,K32
2018-06-05 00:11:16,0006B3775E,K32
2018-06-05 00:12:16,0006B34FCA,K32
2018-06-05 00:14:17,0006B35440,K32
2018-06-05 00:25:04,00074F0832,K32
2018-06-05 00:25:55,00074F0832,K12
2018-06-05 00:26:09,00074F0832,K12
2018-06-05 00:36:07,00074FA4F8,K32
2018-06-05 00:36:14,0007ABD6CC,K32
2018-06-05 00:38:07,0007ABD6CC,K32
2018-06-05 00:44:55,0006B35440,K32
2018-06-05 01:25:25,0006B35440,K12
2018-06-05 01:28:56,00074F0832,K12
2018-06-05 02:34:51,0006B34FCA,K32
2018-06-05 02:46:30,000770ED72,K32
2018-06-05 03:02:14,0006B35440,K32
2018-06-05 04:14:03,00074FA4F8,K32
2018-06-05 04:15:33,00075D1338,K32
2018-06-05 04:15:48,00074BE89B,K32
2018-06-05 04:21:52,00075D1E39,K32
2018-06-05 04:27:20,0006B3775E,K32
2018-06-05 04:34:31,0006B3775E,K32
2018-06-05 04:39:45,000770D8F5,K32
2018-06-05 04:40:42,0006B3775E,K32
2018-06-05 04:43:03,00075D110D,K32
2018-06-05 21:45:00,00065EBF3C,K9
2018-06-05 21:46:06,00074F0832,K9
2018-06-05 21:48:03,000770FBF5,K9
2018-06-05 21:49:07,00074F238E,K32
2018-06-05 21:50:14,00075D1E39,K32
2018-06-05 21:53:34,0006B2A1D2,K32
2018-06-05 21:53:37,0006B3775E,K32
2018-06-05 21:53:51,0006B35440,K9
2018-06-05 21:54:29,000770ED72,K9
2018-06-05 21:54:36,00074BE89B,K9
2018-06-05 21:54:46,0007ABD6CC,K9
2018-06-05 21:56:07,00075D1338,K32
2018-06-05 21:57:05,000770D8F5,K32
2018-06-05 21:57:31,0006B294D3,K9
2018-06-05 21:57:40,0006B3A093,K32
2018-06-05 21:58:39,00075D8712,K9
2018-06-05 21:59:21,00068E1A0D,K9
2018-06-05 22:00:09,00075D110D,K9
2018-06-05 22:00:39,0006B34FCA,K9
2018-06-05 22:06:28,00075D2562,K9
2018-06-05 22:16:22,0006B294D3,K9
2018-06-05 22:19:31,0006B2A1D2,K32
2018-06-05 22:21:28,0006B2A1D2,K9
2018-06-05 22:22:05,0006B2A1D2,K9
2018-06-05 22:24:56,00074F0832,K9
2018-06-05 22:26:59,00074FA4F8,K9
2018-06-05 22:28:03,00074FA4F8,K9
2018-06-05 22:33:44,0006B2A1D2,K32
2018-06-05 22:34:32,0006B2A1D2,K9
2018-06-05 22:35:23,00074FA4F8,K9
2018-06-05 22:38:44,0006B294D3,K9
2018-06-05 22:40:00,0006B35440,K9
2018-06-05 22:46:07,00074FA4F8,K9
2018-06-05 22:46:38,0006B2A1D2,K9
2018-06-05 22:48:13,0006B294D3,K9
2018-06-05 22:48:32,00074FA4F8,K32
2018-06-05 22:49:08,00074F0832,K9
2018-06-05 22:51:41,00074FA4F8,K32
2018-06-05 22:56:47,0006B35440,K9
2018-06-05 22:58:44,00074FA4F8,K32
2018-06-05 22:59:43,00074FA4F8,K9
2018-06-05 23:00:35,0006B2A1D2,K9
2018-06-05 23:03:36,0006B294D3,K9
2018-06-05 23:08:02,00074FA4F8,K9
2018-06-05 23:16:41,0006B294D3,K9
2018-06-05 23:18:26,00074F0832,K9
2018-06-05 23:20:54,00074FA4F8,K32
2018-06-05 23:21:53,00074FA4F8,K9
2018-06-05 23:22:28,0006B2A1D2,K9
2018-06-05 23:28:45,0006B35440,K9
2018-06-05 23:28:56,0006B294D3,K9
2018-06-05 23:30:41,00074FA4F8,K9
2018-06-05 23:32:58,0006B2A1D2,K9
2018-06-05 23:39:44,00074F0832,K9
2018-06-05 23:40:04,0006B294D3,K9
2018-06-05 23:43:09,0006B2A1D2,K9
2018-06-05 23:45:16,00074FA4F8,K9
2018-06-05 23:49:58,00074BE89B,K9
2018-06-05 23:51:35,0006B2A1D2,K9
2018-06-05 23:58:37,00074FA4F8,K9
2018-06-05 23:58:47,0006B35440,K9
2018-06-05 23:58:50,00074BE89B,K9
2018-06-06 00:01:06,0006B294D3,K9
2018-06-06 00:10:42,0006B294D3,K9
2018-06-06 00:12:20,00074F0832,K9
2018-06-06 00:12:28,0006B2A1D2,K9
2018-06-06 00:20:37,00074FA4F8,K9
2018-06-06 00:27:01,0006B2A1D2,K9
2018-06-06 00:33:17,0006B294D3,K9
2018-06-06 00:39:45,00074FA4F8,K9
2018-06-06 00:39:53,00074F0832,K9
2018-06-06 00:51:05,0006B294D3,K9
2018-06-06 00:51:34,0006B2A1D2,K9
2018-06-06 00:52:33,0006B35440,K9
2018-06-06 01:03:33,00074FA4F8,K9
2018-06-06 01:08:03,00074F0832,K9
2018-06-06 01:08:53,0006B2A1D2,K32
2018-06-06 01:09:52,0006B2A1D2,K9
2018-06-06 01:11:36,00074F0832,K9
2018-06-06 01:12:26,00065EBF3C,K9
2018-06-06 01:19:26,0006B35440,K9
2018-06-06 01:27:10,00074FA4F8,K9
2018-06-06 01:28:32,00065EBF3C,K9
2018-06-06 01:36:25,0006B294D3,K9
2018-06-06 01:37:46,00074BE89B,K9
2018-06-06 01:43:54,00074BE89B,K9
2018-06-06 01:44:11,00074F0832,K9
2018-06-06 01:46:10,00074FA4F8,K9
2018-06-06 01:46:20,0007ABD6CC,K9
2018-06-06 01:46:29,00074BE89B,K9
2018-06-06 01:48:31,0007ABD6CC,K9
2018-06-06 01:50:28,00074BE89B,K9
2018-06-06 01:55:15,0006B2A1D2,K9
2018-06-06 02:04:03,0006B294D3,K9
2018-06-06 02:10:03,0006B35440,K9
2018-06-06 02:16:35,0006B2A1D2,K9
2018-06-06 02:27:01,0006B294D3,K9
2018-06-06 02:27:23,0006B3775E,K9
2018-06-06 02:27:33,0006B34FCA,K9
2018-06-06 02:28:57,000770FBF5,K9
2018-06-06 02:30:29,000770FBF5,K9
2018-06-06 02:32:53,0006B3775E,K9
2018-06-06 02:36:35,00074F0832,K9
2018-06-06 02:45:25,0006B34FCA,K9
2018-06-06 02:45:36,0006B34FCA,K9
2018-06-06 02:45:46,0006B2A1D2,K9
2018-06-06 02:45:55,00074FA4F8,K9
2018-06-06 02:50:03,000770ED72,K9
2018-06-06 02:59:32,000770ED72,K9
2018-06-06 03:01:24,00074FA4F8,K9
2018-06-06 03:03:26,0006B294D3,K9
2018-06-06 03:08:49,0006B2A1D2,K9
2018-06-06 03:09:32,0006B294D3,K9
2018-06-06 03:09:51,00074BE89B,K9
2018-06-06 03:20:13,00074BE89B,K9
2018-06-06 03:26:29,0006B294D3,K9
2018-06-06 03:37:05,0006B2A1D2,K9
2018-06-06 03:39:17,00074FA4F8,K9
2018-06-06 03:51:31,00068E1A0D,K9
2018-06-06 03:55:21,0006B35440,K9
2018-06-06 03:56:05,0006B34FCA,K9
2018-06-06 04:04:47,0006B294D3,K9
2018-06-06 04:05:15,00065EBF3C,K9
2018-06-06 04:05:31,00075D8712,K9
2018-06-06 04:06:57,00074F238E,K9
2018-06-06 04:10:06,00074F0832,K9
2018-06-06 04:13:20,0006B3775E,K9
2018-06-06 04:17:25,00074BE89B,K9
2018-06-06 04:20:45,00075D110D,K9
2018-06-06 04:23:07,00068E1A0D,K9
2018-06-06 04:24:52,0006B3A093,K9
2018-06-06 04:25:26,00075D1338,K9
2018-06-06 04:27:22,0007ABD6CC,K9
2018-06-06 04:27:28,00074FA4F8,K9
2018-06-06 04:28:12,000770ED72,K9
2018-06-06 04:29:22,000770FBF5,K9
2018-06-06 04:30:33,00075D2562,K9
2018-06-06 04:31:42,000770D8F5,K9
2018-06-06 04:33:01,00074F4107,K9
2018-06-06 21:51:13,00074F0832,K9
2018-06-06 21:52:07,00074FA4F8,K9
2018-06-06 21:52:35,00065EBF3C,K9
2018-06-06 21:55:25,0007ABD6CC,K9
2018-06-06 21:55:40,00074F238E,K9
2018-06-06 21:55:57,00074F4107,K9
2018-06-06 21:56:00,000770FBF5,K9
2018-06-06 21:56:06,0007ABD6CC,K9
2018-06-06 21:56:26,0006B3775E,K9
2018-06-06 21:57:04,0006B2A1D2,K9
2018-06-06 21:57:11,00075D8712,K9
2018-06-06 21:59:36,000770ED72,K9
2018-06-06 21:59:58,00068E1A0D,K9
2018-06-06 22:00:05,0006B294D3,K9
2018-06-06 22:00:36,00075D1E39,K9
2018-06-06 22:00:53,0006B35440,K9
2018-06-06 22:02:39,0006B3A093,K9
2018-06-06 22:02:44,0006B34FCA,K9
2018-06-06 22:02:46,00074BE89B,K9
2018-06-06 22:03:58,000770D8F5,K9
2018-06-06 22:04:09,000770D8F5,K9
2018-06-06 22:04:14,00075D1338,K9
2018-06-06 22:05:49,00075D110D,K9
2018-06-06 22:08:09,00075D2562,K9
2018-06-06 22:21:17,0006B2A1D2,K9
2018-06-06 22:27:46,00074FA4F8,K9
2018-06-06 22:28:22,0006B294D3,K9
2018-06-06 22:30:29,00065EBF3C,K9
2018-06-06 22:34:18,00074F0832,K9
2018-06-06 22:39:26,00074FA4F8,K9
2018-06-06 22:42:07,0006B2A1D2,K9
2018-06-06 22:44:25,0006B294D3,K9
2018-06-06 22:51:04,00074F0832,K9
2018-06-06 23:02:05,00065EBF3C,K9
2018-06-06 23:16:00,0006B2A1D2,K9
2018-06-06 23:24:05,0006B294D3,K9
2018-06-06 23:24:50,00065EBF3C,K9
2018-06-06 23:26:22,0006B35440,K9
2018-06-06 23:36:57,00074FA4F8,K9
2018-06-06 23:40:09,00074F0832,K9
2018-06-06 23:42:04,0006B2A1D2,K9
2018-06-06 23:45:33,0006B294D3,K9
2018-06-06 23:49:11,0006B35440,K9
2018-06-06 23:56:39,0006B2A1D2,K9
2018-06-06 23:58:52,00065EBF3C,K9
2018-06-07 00:14:31,0006B2A1D2,K9
2018-06-07 00:20:06,0006B294D3,K9
2018-06-07 00:23:12,0006B294D3,K9
2018-06-07 00:25:06,00065EBF3C,K9
2018-06-07 00:27:11,00065EBF3C,K9
2018-06-07 00:30:11,0006B294D3,K9
2018-06-07 00:37:23,00065EBF3C,K9
2018-06-07 00:38:11,00074FA4F8,K9
2018-06-07 00:42:02,0006B35440,K9
2018-06-07 00:42:23,00074BE89B,K9
2018-06-07 00:47:00,0006B2A1D2,K9
2018-06-07 00:47:55,00074F0832,K9
2018-06-07 00:52:47,00074BE89B,K9
2018-06-07 00:55:21,00074FA4F8,K9
2018-06-07 01:07:50,0006B294D3,K9
2018-06-07 01:10:23,0006B2A1D2,K9
2018-06-07 01:12:25,00074F0832,K9
2018-06-07 01:13:57,00065EBF3C,K9
2018-06-07 01:38:05,0006B2A1D2,K9
2018-06-07 01:40:22,00065EBF3C,K9
2018-06-07 01:46:09,0006B294D3,K9
2018-06-07 01:48:49,00074FA4F8,K9
2018-06-07 01:53:16,00074F0832,K9
2018-06-07 01:55:47,0006B35440,K9
2018-06-07 02:07:47,0006B2A1D2,K9
2018-06-07 02:16:58,00074F0832,K9
2018-06-07 02:17:26,00074FA4F8,K9
2018-06-07 02:19:42,0006B294D3,K9
2018-06-07 02:25:02,00065EBF3C,K9
2018-06-07 02:31:01,0006B35440,K9
2018-06-07 02:41:37,00074FA4F8,K9
2018-06-07 02:43:47,00065EBF3C,K9
2018-06-07 02:45:45,0006B2A1D2,K9
2018-06-07 02:48:33,0006B294D3,K9
2018-06-07 02:59:01,00074F0832,K9
2018-06-07 03:10:58,00065EBF3C,K9
2018-06-07 03:12:05,0006B2A1D2,K9
2018-06-07 03:12:15,00074FA4F8,K9
2018-06-07 03:19:35,0006B294D3,K9
2018-06-07 03:23:54,00074F0832,K9
2018-06-07 03:26:37,0006B35440,K9
2018-06-07 03:32:20,00065EBF3C,K9
2018-06-07 03:34:55,00075D8712,K9
2018-06-07 03:35:23,00074FA4F8,K9
2018-06-07 03:37:47,00065EBF3C,K9
2018-06-07 03:43:32,0006B35440,K9
2018-06-07 03:45:35,00065EBF3C,K9
2018-06-07 03:45:46,00074FA4F8,K9
2018-06-07 03:48:32,00075D8712,K9
2018-06-07 03:55:43,0006B2A1D2,K9
2018-06-07 04:00:19,0006B34FCA,K9
2018-06-07 04:01:37,00074F0832,K9
2018-06-07 04:06:02,00068E1A0D,K9
2018-06-07 04:07:26,00075D1338,K9
2018-06-07 04:07:53,0006B294D3,K9
2018-06-07 04:10:48,0006B3A093,K9
2018-06-07 04:15:55,00065EBF3C,K9
2018-06-07 04:18:38,00075D8712,K9
2018-06-07 04:19:41,00075D1E39,K9
2018-06-07 04:19:51,000770ED72,K9
2018-06-07 04:20:26,00074F238E,K9
2018-06-07 04:26:14,00074BE89B,K9
2018-06-07 04:26:21,0006B3775E,K9
2018-06-07 04:26:42,000770D8F5,K9
2018-06-07 04:26:44,0006B35440,K9
2018-06-07 04:27:08,00075D2562,K9
2018-06-07 04:27:47,00075D110D,K9
2018-06-07 04:34:07,00074FA4F8,K9
2018-06-07 04:37:00,0006B34FCA,K9
2018-06-07 04:38:12,0006B34FCA,K9
2018-06-07 04:38:29,00065EBF3C,K9
2018-06-07 04:39:16,00074F4107,K9
2018-06-07 04:42:59,0007ABD6CC,K9
2018-06-07 14:37:56,000770D8F5,K9
2018-06-07 21:52:18,00074F0832,K9
2018-06-07 21:53:01,00074FA4F8,K9
2018-06-07 21:55:05,0006B2A1D2,K9
2018-06-07 21:55:27,0007ABD6CC,K9
2018-06-07 21:56:39,000770FBF5,K9
2018-06-07 21:57:24,000770FBF5,K9
2018-06-07 21:58:26,00075D1E39,K9
2018-06-07 22:00:36,0006B294D3,K9
2018-06-07 22:00:51,00074F4107,K9
2018-06-07 22:01:24,00075D8712,K9
2018-06-07 22:02:13,000770D8F5,K9
2018-06-07 22:02:24,000770D8F5,K9
2018-06-07 22:03:21,00075D1338,K9
2018-06-07 22:05:06,00074F238E,K9
2018-06-07 22:05:31,00065EBF3C,K9
2018-06-07 22:05:40,00074BE89B,K9
2018-06-07 22:05:51,000770ED72,K9
2018-06-07 22:06:03,0006B3A093,K9
2018-06-07 22:06:56,0006B3775E,K9
2018-06-07 22:07:34,0006B34FCA,K9
2018-06-07 22:07:44,00068E1A0D,K9
2018-06-07 22:09:32,00075D2562,K9
2018-06-07 22:12:51,00075D110D,K9
2018-06-07 22:14:47,0006B3775E,K9
2018-06-07 22:31:56,0006B294D3,K9
2018-06-07 22:33:39,00074FA4F8,K9
2018-06-07 22:42:26,0006B3775E,K9
2018-06-07 22:43:01,00074F238E,K9
2018-06-07 22:45:32,0006B2A1D2,K9
2018-06-07 22:46:14,0006B2A1D2,K9
2018-06-07 22:48:30,0006B2A1D2,K9
2018-06-07 22:52:52,0006B294D3,K9
2018-06-07 22:54:40,00065EBF3C,K9
2018-06-07 22:57:08,00074FA4F8,K9
2018-06-07 22:59:26,0006B3775E,K9
2018-06-07 23:01:28,00074F0832,K9
2018-06-07 23:02:21,0006B2A1D2,K9
2018-06-07 23:03:58,0006B2A1D2,K9
2018-06-07 23:04:09,0006B2A1D2,K9
2018-06-07 23:05:03,0006B2A1D2,K9
2018-06-07 23:06:01,0006B3775E,K9
2018-06-07 23:12:07,0006B3775E,K9
2018-06-07 23:19:59,0006B3775E,K9
2018-06-07 23:20:48,00074F238E,K9
2018-06-07 23:20:51,00074F0832,K9
2018-06-07 23:21:42,0006B2A1D2,K9
2018-06-07 23:23:49,00065EBF3C,K9
2018-06-07 23:39:50,0006B3775E,K9
2018-06-07 23:41:46,0006B2A1D2,K9
2018-06-07 23:50:51,00074F238E,K9
2018-06-07 23:51:42,0006B294D3,K9
2018-06-07 23:52:33,0006B3775E,K9
2018-06-07 23:54:57,0006B294D3,K9
2018-06-07 23:59:30,00074F0832,K9
2018-06-08 00:01:43,0006B35440,K9
2018-06-08 00:02:37,00074FA4F8,K9
2018-06-08 00:03:03,00074F238E,K9
2018-06-08 00:03:13,00065EBF3C,K9
2018-06-08 00:09:09,00074F0832,K9
2018-06-08 00:15:32,0006B3775E,K9
2018-06-08 00:17:13,0006B35440,K9
2018-06-08 00:27:25,00074FA4F8,K9
2018-06-08 00:30:57,0006B3775E,K9
2018-06-08 00:31:00,00074F238E,K9
2018-06-08 00:34:14,00074F0832,K9
2018-06-08 00:34:24,0006B294D3,K9
2018-06-08 00:36:01,0006B2A1D2,K9
2018-06-08 00:37:43,0006B2A1D2,K9
2018-06-08 00:44:07,00074F238E,K9
2018-06-08 00:44:39,00074F0832,K9
2018-06-08 00:46:01,00065EBF3C,K9
2018-06-08 00:53:01,0006B3775E,K9
2018-06-08 00:56:51,0006B294D3,K9
2018-06-08 01:03:03,00074F0832,K9
2018-06-08 01:04:54,0006B3775E,K9
2018-06-08 01:09:13,0006B2A1D2,K9
2018-06-08 01:28:10,0006B3775E,K9
2018-06-08 01:34:29,00074F238E,K9
2018-06-08 01:36:34,00074F0832,K9
2018-06-08 01:41:30,00074FA4F8,K9
2018-06-08 01:44:05,00074BE89B,K9
2018-06-08 01:45:48,0006B2A1D2,K9
2018-06-08 01:47:27,0006B3775E,K9
2018-06-08 01:47:38,0006B35440,K9
2018-06-08 01:47:40,0006B294D3,K9
2018-06-08 01:58:21,00074BE89B,K9
2018-06-08 02:01:10,00074FA4F8,K9
2018-06-08 02:02:34,00065EBF3C,K9
2018-06-08 02:07:42,0006B3775E,K9
2018-06-08 02:09:41,0006B294D3,K9
2018-06-08 02:11:36,0006B35440,K9
2018-06-08 02:26:02,00074F0832,K9
2018-06-08 02:29:47,00074F238E,K9
2018-06-08 02:31:58,0006B3775E,K9
2018-06-08 02:38:26,0006B2A1D2,K9
2018-06-08 02:38:41,00065EBF3C,K9
2018-06-08 02:56:35,00074F0832,K9
2018-06-08 03:00:31,0006B3775E,K9
2018-06-08 03:06:49,0006B294D3,K9
2018-06-08 03:15:33,00074FA4F8,K9
2018-06-08 03:17:31,0006B35440,K9
2018-06-08 03:28:02,00065EBF3C,K9
2018-06-08 03:30:35,00074FA4F8,K9
2018-06-08 03:32:37,0006B35440,K9
2018-06-08 03:35:34,0006B3775E,K9
2018-06-08 03:39:28,0006B294D3,K9
2018-06-08 03:42:58,00074F238E,K9
2018-06-08 03:51:10,0006B2A1D2,K9
2018-06-08 03:59:01,00068E1A0D,K9
2018-06-08 04:00:43,00075D1338,K9
2018-06-08 04:03:50,00074BE89B,K9
2018-06-08 04:06:47,00065EBF3C,K9
2018-06-08 04:08:55,0006B34FCA,K9
2018-06-08 04:08:59,00075D2562,K9
2018-06-08 04:11:05,00075D1E39,K9
2018-06-08 04:11:51,0006B3775E,K9
2018-06-08 04:11:59,000770ED72,K9
2018-06-08 04:13:24,0006B294D3,K9
2018-06-08 04:14:54,00075D8712,K9
2018-06-08 04:20:14,00074FA4F8,K9
2018-06-08 04:20:37,0006B35440,K9
2018-06-08 04:20:51,00074F0832,K9
2018-06-08 04:22:25,00075D110D,K9
2018-06-08 04:23:39,0007ABD6CC,K9
2018-06-08 04:24:16,000770D8F5,K9
2018-06-08 04:36:28,00074F4107,K9
2018-06-08 21:30:50,00074FA4F8,K9
2018-06-08 21:36:17,00074F0832,K9
2018-06-08 21:40:12,00074F238E,K9
2018-06-08 21:42:58,0006B2A1D2,K9
2018-06-08 21:47:03,0006B294D3,K9
2018-06-08 21:47:28,000770ED72,K9
2018-06-08 21:49:39,0006B3775E,K9
2018-06-08 21:50:41,0006B35440,K9
2018-06-08 21:51:16,00065EBF3C,K9
2018-06-08 21:51:21,00074BE89B,K9
2018-06-08 21:51:26,0007ABD6CC,K9
2018-06-08 21:53:03,00075D1E39,K9
2018-06-08 21:53:42,0006B3A093,K9
2018-06-08 21:53:53,0006B3A093,K9
2018-06-08 21:54:03,00074F4107,K9
2018-06-08 21:54:08,0006B34FCA,K9
2018-06-08 21:54:20,000770FBF5,K9
2018-06-08 21:54:52,00075D1338,K9
2018-06-08 21:58:43,00075D2562,K9
2018-06-08 22:02:11,000770D8F5,K9
2018-06-08 22:05:35,00075D8712,K9
2018-06-08 22:13:16,0006B3775E,K9
2018-06-08 22:29:42,0006B3775E,K9
2018-06-08 22:33:36,00075D8712,K9
2018-06-08 22:35:04,00074F238E,K9
2018-06-08 22:41:46,00065EBF3C,K9
2018-06-08 22:54:14,00074F0832,K9
2018-06-08 22:54:36,0006B2A1D2,K9
2018-06-08 22:59:35,00074F0832,K9
2018-06-08 23:01:25,00065EBF3C,K9
2018-06-08 23:02:44,0006B294D3,K9
2018-06-08 23:11:23,0006B3775E,K9
2018-06-08 23:15:47,00074FA4F8,K9
2018-06-08 23:22:40,0006B294D3,K9
2018-06-08 23:25:46,00075D8712,K9
2018-06-08 23:28:27,0006B3775E,K9
2018-06-08 23:29:38,00074F0832,K9
2018-06-08 23:33:07,00074FA4F8,K9
2018-06-08 23:43:10,00065EBF3C,K9
2018-06-08 23:49:26,0006B3775E,K9
2018-06-08 23:50:40,00074F0832,K9
2018-06-08 23:57:20,00074F238E,K9
2018-06-09 00:04:02,0006B3775E,K9
2018-06-09 00:06:50,0006B294D3,K9
2018-06-09 00:09:55,00075D8712,K9
2018-06-09 00:17:58,0006B2A1D2,K9
2018-06-09 00:19:36,0006B35440,K9
2018-06-09 00:23:42,00065EBF3C,K9
2018-06-09 00:27:43,0006B294D3,K9
2018-06-09 00:31:24,0006B3775E,K9
2018-06-09 00:33:56,00074F238E,K9
2018-06-09 00:40:35,00074F0832,K9
2018-06-09 00:44:22,00074FA4F8,K9
2018-06-09 00:52:16,0006B35440,K9
2018-06-09 00:55:08,00074F238E,K9
2018-06-09 00:56:12,00075D8712,K9
2018-06-09 00:57:32,0006B3775E,K9
2018-06-09 01:00:17,00065EBF3C,K9
2018-06-09 01:05:01,00074FA4F8,K9
2018-06-09 01:10:59,0006B2A1D2,K9
2018-06-09 01:25:32,0006B294D3,K9
2018-06-09 01:26:29,0006B3775E,K9
2018-06-09 01:30:32,00075D8712,K9
2018-06-09 01:32:56,00065EBF3C,K9
2018-06-09 01:45:14,0006B3775E,K9
2018-06-09 01:46:10,0006B294D3,K9
2018-06-09 01:48:11,0006B2A1D2,K9
2018-06-09 01:55:50,00074F238E,K9
2018-06-09 02:04:40,00074F0832,K9
2018-06-09 02:13:27,00075D8712,K9
2018-06-09 02:17:15,00065EBF3C,K9
2018-06-09 02:19:58,00075D1338,K9
2018-06-09 02:22:00,0006B3775E,K9
2018-06-09 02:22:07,00074FA4F8,K9
2018-06-09 02:25:05,00074F0832,K9
2018-06-09 02:27:30,00075D1338,K9
2018-06-09 02:28:22,0006B2A1D2,K9
2018-06-09 02:29:20,0006B35440,K9
2018-06-09 02:32:29,0006B2A1D2,K9
2018-06-09 02:33:33,00074F238E,K9
2018-06-09 02:35:32,0006B2A1D2,K9
2018-06-09 02:42:11,00075D8712,K9
2018-06-09 02:44:26,0006B3775E,K9
2018-06-09 02:45:21,00074FA4F8,K9
2018-06-09 02:46:10,0006B35440,K9
2018-06-09 02:51:35,0006B294D3,K9
2018-06-09 02:53:35,0006B2A1D2,K9
2018-06-09 03:08:14,00074F0832,K9
2018-06-09 03:08:29,00068E1A0D,K9
2018-06-09 03:08:46,00065EBF3C,K9
2018-06-09 03:16:48,0006B294D3,K9
2018-06-09 03:17:04,0006B3775E,K9
2018-06-09 03:24:11,00074F0832,K9
2018-06-09 03:29:29,0006B3775E,K9
2018-06-09 03:41:14,00074F238E,K9
2018-06-09 03:46:36,00075D8712,K9
2018-06-09 04:03:25,0006B2A1D2,K9
2018-06-09 04:03:53,00075D8712,K9
2018-06-09 04:05:03,00075D1338,K9
2018-06-09 04:05:48,00068E1A0D,K9
2018-06-09 04:10:29,00074F0832,K9
2018-06-09 04:10:58,0006B3A093,K9
2018-06-09 04:15:06,00065EBF3C,K9
2018-06-09 04:18:44,00074FA4F8,K9
2018-06-09 04:18:56,0006B294D3,K9
2018-06-09 04:19:47,0006B34FCA,K9
2018-06-09 04:23:56,00074BE89B,K9
2018-06-09 04:24:09,0006B3775E,K9
2018-06-09 04:24:16,000770ED72,K9
2018-06-09 04:26:09,00075D110D,K9
2018-06-09 04:34:34,00075D8712,K9
2018-06-09 04:38:18,0006B35440,K9
2018-06-09 04:56:22,00075D2562,K9
2018-06-09 04:57:10,00075D1E39,K9
2018-06-09 04:59:24,0007ABD6CC,K9
2018-06-09 04:59:29,00074F4107,K9
2018-06-09 04:59:43,000770D8F5,K9
2018-06-09 15:18:14,000770D8F5,K9
2018-06-09 15:18:32,000770D8F5,K9
2018-06-09 21:39:05,00074F238E,K9
2018-06-09 21:39:55,0006B2A1D2,K9
2018-06-09 21:40:28,00074F0832,K9
2018-06-09 21:43:10,00074FA4F8,K9
2018-06-09 21:43:52,00065EBF3C,K9
2018-06-09 21:44:17,000770ED72,K9
2018-06-09 21:44:30,00075D1E39,K9
2018-06-09 21:44:49,00075D1E39,K9
2018-06-09 21:44:56,0007ABD6CC,K9
2018-06-09 21:46:53,0006B294D3,K9
2018-06-09 21:46:59,00075D8712,K9
2018-06-09 21:47:28,0006B3775E,K9
2018-06-09 21:47:34,000770FBF5,K9
2018-06-09 21:48:43,00075D2562,K9
2018-06-09 21:48:57,0006B35440,K9
2018-06-09 21:49:26,00074BE89B,K9
2018-06-09 21:52:42,0006B34FCA,K9
2018-06-09 21:52:52,00068E1A0D,K9
2018-06-09 21:53:15,00075D1338,K9
2018-06-09 21:57:06,0006B3A093,K9
2018-06-09 22:00:13,000770D8F5,K9
2018-06-09 22:00:56,00075D110D,K9
2018-06-09 22:07:04,00068E1A0D,K9
2018-06-09 22:30:47,0006B3775E,K9
2018-06-09 22:40:20,00075D8712,K9
2018-06-09 22:44:41,00068E1A0D,K9
2018-06-09 22:45:12,00075D1338,K9
2018-06-09 22:50:18,00074F238E,K9
2018-06-09 22:52:45,0006B3775E,K9
2018-06-09 23:05:45,00075D1338,K9
2018-06-09 23:15:06,00068E1A0D,K9
2018-06-09 23:28:29,00068E1A0D,K9
2018-06-09 23:30:58,00065EBF3C,K9
2018-06-09 23:34:36,00075D8712,K9
2018-06-09 23:43:25,0006B2A1D2,K9
2018-06-09 23:46:11,00068E1A0D,K9
2018-06-09 23:56:06,0006B294D3,K9
2018-06-09 23:57:18,00074F0832,K9
2018-06-10 00:01:13,00065EBF3C,K9
2018-06-10 00:06:06,00075D8712,K9
2018-06-10 00:09:35,0006B3775E,K9
2018-06-10 00:10:24,0006B3775E,K9
2018-06-10 00:13:24,0006B35440,K9
2018-06-10 00:13:30,0006B294D3,K9
2018-06-10 00:19:30,00074FA4F8,K9
2018-06-10 00:20:06,00074F0832,K9
2018-06-10 00:20:56,00074F238E,K9
2018-06-10 00:23:46,00068E1A0D,K9
2018-06-10 00:41:03,00075D1338,K9
2018-06-10 00:42:33,00065EBF3C,K9
2018-06-10 00:42:45,00075D8712,K9
2018-06-10 00:46:57,0006B2A1D2,K9
2018-06-10 00:47:47,0006B35440,K9
2018-06-10 00:48:03,00068E1A0D,K9
2018-06-10 00:48:08,00074FA4F8,K9
2018-06-10 00:50:21,0006B3775E,K9
2018-06-10 01:00:25,00074BE89B,K9
2018-06-10 01:13:26,0006B294D3,K9
2018-06-10 01:13:33,00075D8712,K9
2018-06-10 01:17:28,00075D8712,K9
2018-06-10 01:18:47,00068E1A0D,K9
2018-06-10 01:19:37,00074F238E,K9
2018-06-10 01:22:17,0006B2A1D2,K9
2018-06-10 01:22:42,0006B3775E,K9
2018-06-10 01:28:43,00075D1338,K9
2018-06-10 01:30:16,00074F238E,K9
2018-06-10 01:30:32,00074F238E,K9
2018-06-10 01:30:45,00074F238E,K9
2018-06-10 01:36:26,00065EBF3C,K9
2018-06-10 01:36:30,00074F238E,K9
2018-06-10 01:36:51,00074F0832,K9
2018-06-10 01:45:17,00068E1A0D,K9
2018-06-10 01:50:51,0006B294D3,K9
2018-06-10 01:53:47,00074BE89B,K9
2018-06-10 01:54:11,00075D8712,K9
2018-06-10 01:55:39,00074F0832,K9
2018-06-10 01:59:20,00074FA4F8,K9
2018-06-10 02:16:19,00074FA4F8,K9
2018-06-10 02:38:12,00074F238E,K9
2018-06-10 02:46:20,00075D8712,K9
2018-06-10 02:52:39,00068E1A0D,K9
2018-06-10 02:55:29,0006B35440,K9
2018-06-10 03:02:30,00065EBF3C,K9
2018-06-10 03:12:55,0006B3775E,K9
2018-06-10 03:19:00,00068E1A0D,K9
2018-06-10 03:22:28,00075D8712,K9
2018-06-10 03:27:09,0006B3775E,K9
2018-06-10 03:27:11,0006B35440,K9
2018-06-10 04:14:47,00075D1338,K9
2018-06-10 04:14:57,00075D2562,K9
2018-06-10 04:18:05,00075D1E39,K9
2018-06-10 04:18:50,00074BE89B,K9
2018-06-10 04:22:59,00074FA4F8,K9
2018-06-10 04:26:26,0006B34FCA,K9
2018-06-10 04:28:03,00074F0832,K9
2018-06-10 04:30:36,000770ED72,K9
2018-06-10 04:31:19,00074F4107,K9
2018-06-10 04:31:23,000770D8F5,K9
2018-06-10 04:32:43,0006B35440,K9
2018-06-10 04:32:53,00075D8712,K9
2018-06-10 04:33:14,0006B294D3,K9
2018-06-10 04:41:33,0006B3775E,K9
2018-06-10 04:42:18,00074F238E,K9
2018-06-10 04:46:07,0007ABD6CC,K9
2018-06-10 04:50:16,00068E1A0D,K9
2018-06-10 21:29:36,00065EBF3C,K9
2018-06-10 21:29:47,00065EBF3C,K9
2018-06-10 21:29:58,00065EBF3C,K9
2018-06-10 21:30:41,00065EBF3C,K9
2018-06-10 21:30:57,00074F238E,K9
2018-06-10 21:31:00,0006B294D3,K9
2018-06-10 21:32:27,0006B3775E,K9
2018-06-10 21:32:36,0006B2A1D2,K9
2018-06-10 21:32:49,0006B3775E,K9
2018-06-10 21:33:08,00074FA4F8,K9
2018-06-10 21:36:05,0006B3775E,K9
2018-06-10 21:36:12,0007ABD6CC,K9
2018-06-10 21:36:59,00075D8712,K9
2018-06-10 21:37:49,00074F0832,K9
2018-06-10 21:43:07,0006B35440,K9
2018-06-10 21:43:28,0006B35440,K9
2018-06-10 21:43:33,000770ED72,K9
2018-06-10 21:45:29,00074F4107,K9
2018-06-10 21:46:55,00074F4107,K9
2018-06-10 21:46:59,00075D1338,K9
2018-06-10 21:47:04,00074BE89B,K9
2018-06-10 21:47:27,000770FBF5,K9
2018-06-10 21:47:59,0006B34FCA,K9
2018-06-10 21:48:02,00075D1E39,K9
2018-06-10 21:49:34,00075D2562,K9
2018-06-10 21:49:48,000770D8F5,K9
2018-06-10 21:49:55,00068E1A0D,K9
2018-06-10 21:50:26,00075D2562,K9
2018-06-10 21:51:37,00075D110D,K9
2018-06-10 21:53:46,0006B3A093,K9
2018-06-10 22:23:15,00068E1A0D,K9
2018-06-10 22:34:29,00068E1A0D,K9
2018-06-10 22:57:36,0006B2A1D2,K9
2018-06-10 23:08:45,0006B2A1D2,K9
2018-06-10 23:10:23,00065EBF3C,K9
2018-06-10 23:14:13,00074F0832,K9
2018-06-10 23:15:27,00068E1A0D,K9
2018-06-10 23:20:19,00075D8712,K9
2018-06-10 23:20:34,0006B3775E,K9
2018-06-10 23:22:54,00074F238E,K9
2018-06-10 23:24:29,00074F0832,K9
2018-06-10 23:24:44,00068E1A0D,K9
2018-06-10 23:26:04,00065EBF3C,K9
2018-06-10 23:33:05,0006B3775E,K9
2018-06-10 23:41:11,00075D8712,K9
2018-06-10 23:42:23,00074FA4F8,K9
2018-06-10 23:45:14,00068E1A0D,K9
2018-06-10 23:49:17,0006B294D3,K9
2018-06-10 23:54:58,00074FA4F8,K9
2018-06-10 23:58:08,00068E1A0D,K9
2018-06-11 00:00:37,0006B294D3,K9
2018-06-11 00:06:26,0006B35440,K9
2018-06-11 00:13:28,00075D8712,K9
2018-06-11 00:13:33,00065EBF3C,K9
2018-06-11 00:15:31,0006B35440,K9
2018-06-11 00:23:38,0006B2A1D2,K9
2018-06-11 00:24:24,00074F0832,K9
2018-06-11 00:32:15,00065EBF3C,K9
2018-06-11 00:34:19,00068E1A0D,K9
2018-06-11 00:37:35,00074F0832,K9
2018-06-11 00:37:53,00074FA4F8,K9
2018-06-11 00:38:22,0006B3775E,K9
2018-06-11 00:40:52,0006B294D3,K9
2018-06-11 00:41:21,0006B2A1D2,K9
2018-06-11 00:49:00,00074FA4F8,K9
2018-06-11 00:49:48,00068E1A0D,K9
2018-06-11 00:53:16,00074F238E,K9
2018-06-11 00:53:20,0006B3775E,K9
2018-06-11 00:59:00,00074F238E,K9
2018-06-11 00:59:31,0006B294D3,K9
2018-06-11 01:05:56,00065EBF3C,K9
2018-06-11 01:07:00,00074F0832,K9
2018-06-11 01:19:33,00068E1A0D,K9
2018-06-11 01:23:27,00074F0832,K9
2018-06-11 01:27:57,00075D8712,K9
2018-06-11 01:40:16,0006B3775E,K9
2018-06-11 01:40:33,0006B2A1D2,K9
2018-06-11 01:43:08,00068E1A0D,K9
2018-06-11 01:54:05,00074F238E,K9
2018-06-11 01:56:01,00065EBF3C,K9
2018-06-11 01:56:37,0006B3775E,K9
2018-06-11 01:58:59,00074FA4F8,K9
2018-06-11 02:00:56,00075D8712,K9
2018-06-11 02:01:56,00074F238E,K9
2018-06-11 02:13:10,0006B2A1D2,K9
2018-06-11 02:23:15,00074F0832,K9
2018-06-11 02:30:55,00074FA4F8,K9
2018-06-11 02:32:02,00068E1A0D,K9
2018-06-11 02:32:19,0006B35440,K9
2018-06-11 02:35:47,00074F0832,K9
2018-06-11 02:45:48,0006B294D3,K9
2018-06-11 02:46:43,0006B35440,K9
2018-06-11 02:47:20,00068E1A0D,K9
2018-06-11 02:52:03,00065EBF3C,K9
2018-06-11 02:55:42,0006B3775E,K9
2018-06-11 03:04:52,0006B294D3,K9
2018-06-11 03:06:08,0006B3775E,K9
2018-06-11 03:08:01,0006B2A1D2,K9
2018-06-11 03:11:47,00075D8712,K9
2018-06-11 03:23:12,00065EBF3C,K9
2018-06-11 03:23:49,0006B2A1D2,K9
2018-06-11 03:24:39,00074F0832,K9
2018-06-11 03:29:28,00075D8712,K9
2018-06-11 03:32:32,00068E1A0D,K9
2018-06-11 03:39:47,00074F0832,K9
2018-06-11 03:51:33,00068E1A0D,K9
2018-06-11 04:07:45,00074F238E,K9
2018-06-11 04:12:14,00075D1E39,K9
2018-06-11 04:22:22,00075D8712,K9
2018-06-11 04:22:28,00068E1A0D,K9
2018-06-11 04:24:24,00074F0832,K9
2018-06-11 04:24:49,0006B2A1D2,K9
2018-06-11 04:27:10,00074BE89B,K9
2018-06-11 04:27:47,000770ED72,K9
2018-06-11 04:28:15,0006B3775E,K9
2018-06-11 04:33:39,0006B294D3,K9
2018-06-11 04:39:15,0006B34FCA,K9
2018-06-11 04:39:49,00075D110D,K9
2018-06-11 04:40:25,0006B35440,K9
2018-06-11 04:42:57,00074F238E,K9
2018-06-11 04:43:27,000770D8F5,K9
2018-06-11 04:44:48,00074FA4F8,K9
2018-06-11 04:57:34,000770D8F5,K9
2018-06-11 04:57:45,000770D8F5,K9
2018-06-11 04:57:56,000770D8F5,K9
2018-06-11 05:01:22,000770D8F5,K9
2018-06-11 05:04:40,000770FBF5,K9
2018-06-11 05:04:55,000770FBF5,K9
2018-06-11 22:12:53,0006B2A1D2,K9
2018-06-11 22:13:05,0006B2A1D2,K9
2018-06-11 22:13:16,0006B2A1D2,K9
2018-06-11 22:16:51,00074F0832,K9
2018-06-11 22:19:53,00074F238E,K9
2018-06-11 22:23:14,00075D8712,K9
2018-06-11 22:24:21,00075D1E39,K9
2018-06-11 22:24:34,00074BE89B,K9
2018-06-11 22:26:17,00068E1A0D,K9
2018-06-11 22:27:33,0006B3775E,K9
2018-06-11 22:27:50,00074FA4F8,K9
2018-06-11 22:30:53,000770D8F5,K9
2018-06-11 22:31:04,000770D8F5,K9
2018-06-11 22:31:15,000770D8F5,K9
2018-06-11 22:31:39,0006B294D3,K9
2018-06-11 22:32:29,000770FBF5,K9
2018-06-11 22:34:11,00065EBF3C,K9
2018-06-11 22:34:25,000770ED72,K9
2018-06-11 22:37:05,0006B34FCA,K9
2018-06-11 22:38:51,00075D110D,K9
2018-06-11 23:36:34,00068E1A0D,K9
2018-06-11 23:38:03,00074F0832,K9
2018-06-11 23:44:05,00075D8712,K9
2018-06-11 23:44:53,00074F0832,K9
2018-06-11 23:48:13,00068E1A0D,K9
2018-06-12 00:19:07,00074FA4F8,K9
2018-06-12 00:22:28,0006B2A1D2,K9
2018-06-12 00:28:08,00074F238E,K9
2018-06-12 00:30:15,00065EBF3C,K9
2018-06-12 00:41:19,0006B2A1D2,K9
2018-06-12 00:42:45,00074FA4F8,K9
2018-06-12 00:44:16,00068E1A0D,K9
2018-06-12 00:53:03,00074F0832,K9
2018-06-12 00:59:17,00065EBF3C,K9
2018-06-12 01:01:22,00068E1A0D,K9
2018-06-12 01:05:42,00074F0832,K9
2018-06-12 01:40:29,0006B35440,K9
2018-06-12 01:40:47,00075D8712,K9
2018-06-12 01:40:51,0006B3775E,K9
2018-06-12 01:42:11,0006B3775E,K9
2018-06-12 01:42:18,0006B35440,K9
2018-06-12 01:42:25,00075D8712,K9
2018-06-12 01:42:29,0006B35440,K9
2018-06-12 01:42:40,0006B35440,K9
2018-06-12 02:00:17,0006B2A1D2,K9
2018-06-12 02:01:16,0006B2A1D2,K9
2018-06-12 02:01:27,0006B2A1D2,K9
2018-06-12 02:01:56,0006B294D3,K9
2018-06-12 02:02:21,00074F238E,K9
2018-06-12 02:04:05,00074F238E,K9
2018-06-12 02:04:22,0006B294D3,K9
2018-06-12 02:06:04,00074F238E,K9
2018-06-12 02:08:25,00074F238E,K9
2018-06-12 02:21:13,00068E1A0D,K9
2018-06-12 02:23:58,00068E1A0D,K9
2018-06-12 02:39:07,00074FA4F8,K9
2018-06-12 02:40:51,00074FA4F8,K9
2018-06-12 02:43:47,00065EBF3C,K9
2018-06-12 02:48:56,00065EBF3C,K9
2018-06-12 02:49:50,00065EBF3C,K9
2018-06-12 02:52:21,0006B294D3,K9
2018-06-12 02:52:43,0006B294D3,K9
2018-06-12 02:52:44,00065EBF3C,K9
2018-06-12 02:53:06,0006B294D3,K9
2018-06-12 02:53:26,00065EBF3C,K9
2018-06-12 02:55:30,0006B294D3,K9
2018-06-12 03:02:06,00074F0832,K9
2018-06-12 03:03:00,00074F0832,K9
2018-06-13 21:18:32,00074FA4F8,K235
2018-06-13 21:20:32,0006B2A1D2,K235
2018-06-13 21:22:02,00074FA4F8,K235
2018-06-13 21:25:28,00065EBF3C,K235
2018-06-13 21:25:40,00065EBF3C,K235
2018-06-13 21:25:48,0006B2A1D2,K235
2018-06-13 21:26:13,00074F238E,K235
2018-06-13 21:26:31,0007ABD6CC,K235
2018-06-13 21:26:35,00075D8712,K235
2018-06-13 21:26:48,00075D2562,K235
2018-06-13 21:27:04,0006B3775E,K235
2018-06-13 21:35:42,0006B294D3,K235
2018-06-13 21:38:44,00068E1A0D,K235
2018-06-13 21:41:04,000770ED72,K235
2018-06-13 21:45:06,0006B35440,K235
2018-06-13 21:45:43,0006B34FCA,K235
2018-06-13 21:46:44,000770FBF5,K235
2018-06-13 21:47:02,00074F4107,K235
2018-06-13 21:47:14,00074BE89B,K235
2018-06-13 21:48:48,00075D1338,K235
2018-06-13 21:48:59,00075D1338,K235
2018-06-13 21:55:33,000770D8F5,K235
2018-06-13 22:07:26,0006B3A093,K235
2018-06-13 22:50:10,00075D2562,K235
2018-06-13 22:59:07,00075D1338,K235
2018-06-13 23:00:02,00075D8712,K235
2018-06-13 23:02:23,00075D2562,K235
2018-06-13 23:12:02,00074F4107,K235
2018-06-13 23:12:07,00074FA4F8,K235
2018-06-13 23:12:16,00074F0832,K235
2018-06-13 23:16:15,00074F0832,K235
2018-06-13 23:16:26,00074FA4F8,K235
2018-06-13 23:19:35,00068E1A0D,K235
2018-06-13 23:23:43,0006B2A1D2,K235
2018-06-13 23:23:56,00075D2562,K235
2018-06-13 23:24:19,00075D8712,K235
2018-06-13 23:30:45,00074F238E,K235
2018-06-13 23:32:14,00075D1338,K235
2018-06-13 23:37:35,00068E1A0D,K235
2018-06-13 23:46:08,00065EBF3C,K235
2018-06-13 23:48:19,00075D2562,K235
2018-06-13 23:48:57,0006B3775E,K235
2018-06-13 23:49:49,00074BE89B,K235
2018-06-13 23:50:21,0006B35440,K235
2018-06-13 23:53:44,00074FA4F8,K235
2018-06-14 00:00:50,0006B3775E,K235
2018-06-14 00:01:53,00074F0832,K235
2018-06-14 00:07:51,0006B294D3,K235
2018-06-14 00:09:16,00074F4107,K235
2018-06-14 00:09:27,00065EBF3C,K235
2018-06-14 00:09:29,00074FA4F8,K235
2018-06-14 00:09:32,00074BE89B,K235
2018-06-14 00:11:52,00075D8712,K235
2018-06-14 00:12:58,0006B3A093,K235
2018-06-14 00:16:46,00075D2562,K235
2018-06-14 00:18:13,0006B35440,K235
2018-06-14 00:26:29,00075D8712,K235
2018-06-14 00:37:01,00074F238E,K235
2018-06-14 00:39:56,0006B2A1D2,K235
2018-06-14 00:42:16,0006B3A093,K235
2018-06-14 00:50:03,00068E1A0D,K235
2018-06-14 00:50:24,00075D2562,K235
2018-06-14 00:53:17,00075D1E39,K235
2018-06-14 00:53:36,00075D1E39,K235
2018-06-14 00:59:50,0006B3775E,K235
2018-06-14 01:00:26,00074FA4F8,K235
2018-06-14 01:03:14,00074BE89B,K235
2018-06-14 01:03:49,00075D1E39,K235
2018-06-14 01:08:11,00075D8712,K235
2018-06-14 01:11:28,00068E1A0D,K235
2018-06-14 01:13:49,0006B3775E,K235
2018-06-14 01:19:32,0006B294D3,K235
2018-06-14 01:19:37,00074F0832,K235
2018-06-14 01:19:50,00065EBF3C,K235
2018-06-14 01:20:02,00065EBF3C,K235
2018-06-14 01:20:21,00074BE89B,K235
2018-06-14 01:29:42,00075D2562,K235
2018-06-14 01:29:51,00075D1338,K235
2018-06-14 01:31:59,0006B35440,K235
2018-06-14 01:35:25,00074FA4F8,K235
2018-06-14 01:37:11,00065EBF3C,K235
2018-06-14 01:38:59,0006B3A093,K235
2018-06-14 01:43:51,00074F238E,K235
2018-06-14 01:47:46,00075D1E39,K235
2018-06-14 01:53:08,00068E1A0D,K235
2018-06-14 01:54:42,0006B2A1D2,K235
2018-06-14 01:55:30,00075D8712,K235
2018-06-14 01:56:04,00074F0832,K235
2018-06-14 01:56:51,00065EBF3C,K235
2018-06-14 01:58:00,00075D2562,K235
2018-06-14 01:58:57,00075D1338,K235
2018-06-14 02:02:24,0006B35440,K235
2018-06-14 02:04:15,0006B35440,K235
2018-06-14 02:10:47,0006B3775E,K235
2018-06-14 02:15:25,00074F4107,K235
2018-06-14 02:22:23,0006B3775E,K235
2018-06-14 02:23:49,00068E1A0D,K235
2018-06-14 02:29:38,00074FA4F8,K235
2018-06-14 02:34:34,0006B35440,K235
2018-06-14 02:35:13,0006B294D3,K235
2018-06-14 02:39:21,00075D1338,K235
2018-06-14 02:43:58,00075D2562,K235
2018-06-14 02:55:05,00075D1E39,K235
2018-06-14 02:59:34,00074FA4F8,K235
2018-06-14 03:02:17,0006B3A093,K235
2018-06-14 03:04:02,00074F0832,K235
2018-06-14 03:08:08,00075D1338,K235
2018-06-14 03:08:41,00065EBF3C,K235
2018-06-14 03:12:10,00075D2562,K235
2018-06-14 03:21:27,00075D8712,K235
2018-06-14 03:23:13,00075D1E39,K235
2018-06-14 03:26:52,00074BE89B,K235
2018-06-14 03:34:09,0006B294D3,K235
2018-06-14 03:41:21,0006B3775E,K235
2018-06-14 03:42:38,00075D8712,K235
2018-06-14 03:44:17,0006B35440,K235
2018-06-14 03:47:56,00075D2562,K235
2018-06-14 03:47:58,0006B3775E,K235
2018-06-14 03:48:52,00074BE89B,K235
2018-06-14 03:53:28,00074F4107,K235
2018-06-14 03:58:00,0006B35440,K235
2018-06-14 03:58:50,00075D1338,K235
2018-06-14 03:59:35,00068E1A0D,K235
2018-06-14 03:59:58,00075D1E39,K235
2018-06-14 04:08:25,00074F0832,K235
2018-06-14 04:10:21,00075D2562,K235
2018-06-14 04:11:07,0007ABD6CC,K235
2018-06-14 04:11:32,0007ABD6CC,K235
2018-06-14 04:12:52,00075D1338,K235
2018-06-14 04:20:15,00074BE89B,K235
2018-06-14 04:25:07,00074FA4F8,K235
2018-06-14 04:25:17,000770D8F5,K235
2018-06-14 04:30:47,00075D110D,K235
2018-06-14 04:31:17,000770FBF5,K235
2018-06-14 04:31:39,000770ED72,K235
2018-06-14 04:32:58,0007ABD6CC,K235
2018-06-14 04:40:03,00075D1E39,K235
2018-06-14 04:40:59,0007ABD6CC,K235
2018-06-14 04:41:23,0006B3775E,K235
2018-06-14 04:44:23,0006B35440,K235
2018-06-14 04:45:05,00075D8712,K235
2018-06-14 04:45:13,0007ABD6CC,K235
2018-06-14 04:47:23,000770FBF5,K235
2018-06-14 21:43:32,00075D1E39,K235
2018-06-14 21:43:46,00075D1E39,K235
2018-06-14 21:43:57,00075D1E39,K235
2018-06-14 21:44:08,00075D1E39,K235
2018-06-14 21:49:20,0006B2A1D2,K235
2018-06-14 21:53:03,0006B3775E,K235
2018-06-14 21:59:16,00075D2562,K235
2018-06-14 21:59:28,0006B3A093,K235
2018-06-14 22:02:43,0006B34FCA,K235
2018-06-14 22:04:07,00074BE89B,K235
2018-06-14 22:06:19,00074F4107,K235
2018-06-14 22:06:36,00075D110D,K235
2018-06-14 22:14:38,000770D8F5,K235
2018-06-14 22:43:53,00075D1E39,K235
2018-06-14 22:57:43,00075D2562,K235
2018-06-14 22:58:28,0006B3A093,K235
2018-06-14 23:01:02,00068E1A0D,K235
2018-06-14 23:06:25,00075D1E39,K235
2018-06-14 23:06:39,0006B3A093,K235
2018-06-14 23:06:51,0006B3A093,K235
2018-06-14 23:18:16,0006B3A093,K235
2018-06-14 23:22:12,0006B3A093,K235
2018-06-14 23:22:29,0006B2A1D2,K235
2018-06-14 23:23:09,0006B3A093,K235
2018-06-14 23:29:08,00075D2562,K235
2018-06-14 23:34:27,00075D1E39,K235
2018-06-14 23:39:09,00074F0832,K235
2018-06-14 23:39:54,0006B35440,K235
2018-06-14 23:46:55,00068E1A0D,K235
2018-06-14 23:49:21,00074F4107,K235
2018-06-14 23:49:46,0006B294D3,K235
2018-06-14 23:56:59,0006B3A093,K235
2018-06-14 23:58:06,0006B2A1D2,K235
2018-06-14 23:58:37,00074F238E,K235
2018-06-14 23:59:14,0006B3775E,K235
2018-06-15 00:08:00,00075D2562,K235
2018-06-15 00:08:24,00068E1A0D,K235
2018-06-15 00:08:37,0006B3775E,K235
2018-06-15 00:09:00,00074FA4F8,K235
2018-06-15 00:11:12,00065EBF3C,K235
2018-06-15 00:11:34,00075D1338,K235
2018-06-15 00:13:48,00074F4107,K235
2018-06-15 00:22:01,00075D1E39,K235
2018-06-15 00:24:42,00065EBF3C,K235
2018-06-15 00:25:25,00075D8712,K235
2018-06-15 00:27:42,0006B35440,K235
2018-06-15 00:37:32,00075D1E39,K235
2018-06-15 00:40:11,00075D2562,K235
2018-06-15 00:41:48,00075D1338,K235
2018-06-15 00:44:51,00074F238E,K235
2018-06-15 00:45:29,00075D8712,K235
2018-06-15 00:48:55,00068E1A0D,K235
2018-06-15 00:49:12,00074FA4F8,K235
2018-06-15 00:51:54,00065EBF3C,K235
2018-06-15 00:58:34,0006B3A093,K235
2018-06-15 00:59:49,0006B294D3,K235
2018-06-15 01:05:36,00074FA4F8,K235
2018-06-15 01:09:55,00068E1A0D,K235
2018-06-15 01:15:11,00065EBF3C,K235
2018-06-15 01:19:34,00075D8712,K235
2018-06-15 01:27:34,0006B3775E,K235
2018-06-15 01:28:30,00075D1E39,K235
2018-06-15 01:29:14,00075D2562,K235
2018-06-15 01:36:05,0006B2A1D2,K235
2018-06-15 01:39:32,00074F0832,K235
2018-06-15 01:39:34,0006B3775E,K235
2018-06-15 01:50:06,00075D1338,K235
2018-06-15 01:53:10,00068E1A0D,K235
2018-06-15 01:54:02,00074FA4F8,K235
2018-06-15 01:58:14,0006B294D3,K235
2018-06-15 02:04:52,00068E1A0D,K235
2018-06-15 02:06:13,00075D1E39,K235
2018-06-15 02:08:59,0006B3775E,K235
2018-06-15 02:20:12,0006B3775E,K235
2018-06-15 02:20:50,00074F0832,K235
2018-06-15 02:21:08,00074F238E,K235
2018-06-15 02:21:38,00075D2562,K235
2018-06-15 02:25:34,00074F4107,K235
2018-06-15 02:26:07,0006B35440,K235
2018-06-15 02:28:07,0006B2A1D2,K235
2018-06-15 02:29:15,00075D1338,K235
2018-06-15 02:32:38,00065EBF3C,K235
2018-06-15 02:34:26,00075D1E39,K235
2018-06-15 02:34:53,0006B294D3,K235
2018-06-15 02:40:00,00075D8712,K235
2018-06-15 02:43:00,0006B2A1D2,K235
2018-06-15 02:52:55,00068E1A0D,K235
2018-06-15 03:03:06,00065EBF3C,K235
2018-06-15 03:06:23,0006B35440,K235
2018-06-15 03:07:52,00068E1A0D,K235
2018-06-15 03:09:08,0006B294D3,K235
2018-06-15 03:10:59,00075D8712,K235
2018-06-15 03:14:27,00074F0832,K235
2018-06-15 03:19:04,0006B3A093,K235
2018-06-15 03:28:04,00075D1E39,K235
2018-06-15 03:29:29,0006B35440,K235
2018-06-15 03:35:33,00074FA4F8,K235
2018-06-15 03:51:25,00075D1E39,K235
2018-06-15 03:58:56,00075D1338,K235
2018-06-15 04:10:44,00075D2562,K235
2018-06-15 04:19:48,000770D8F5,K235
2018-06-15 04:20:16,00075D1E39,K235
2018-06-15 04:20:43,00068E1A0D,K235
2018-06-15 04:26:41,00074BE89B,K235
2018-06-15 04:27:25,00075D110D,K235
2018-06-15 04:30:04,000770ED72,K235
2018-06-15 04:32:11,00074FA4F8,K235
2018-06-15 04:37:55,0006B3775E,K235
2018-06-15 04:41:43,0007ABD6CC,K235
2018-06-15 04:42:51,0007ABD6CC,K235
2018-06-15 04:47:37,0007ABD6CC,K235
2018-06-15 04:50:57,0006B35440,K235
2018-06-15 15:02:32,000770D8F5,K235
2018-06-15 21:42:53,0006B3775E,K235
2018-06-15 21:45:06,00075D1E39,K235
2018-06-15 21:45:17,00075D1E39,K235
2018-06-15 21:47:43,0006B2A1D2,K235
2018-06-15 21:49:25,000770ED72,K235
2018-06-15 21:49:27,00074FA4F8,K235
2018-06-15 21:56:36,00075D2562,K235
2018-06-15 21:58:54,00075D1338,K235
2018-06-15 22:02:30,0006B34FCA,K235
2018-06-15 22:20:54,000770D8F5,K235
2018-06-15 22:33:28,00065EBF3C,K235
2018-06-15 22:55:59,00075D1E39,K235
2018-06-15 22:57:19,0006B35440,K235
2018-06-15 23:06:50,00075D2562,K235
2018-06-15 23:18:48,00075D1E39,K235
2018-06-15 23:24:56,00075D2562,K235
2018-06-15 23:29:53,00068E1A0D,K235
2018-06-15 23:30:52,0006B3A093,K235
2018-06-15 23:31:38,0006B2A1D2,K235
2018-06-15 23:41:14,0006B2A1D2,K235
2018-06-16 00:00:43,00074FA4F8,K235
2018-06-16 00:13:37,00075D1E39,K235
2018-06-16 00:24:26,00075D2562,K235
2018-06-16 00:24:43,00074F238E,K235
2018-06-16 00:27:10,0006B3775E,K235
2018-06-16 00:27:29,00068E1A0D,K235
2018-06-16 00:28:48,00065EBF3C,K235
2018-06-16 00:33:14,00068E1A0D,K235
2018-06-16 00:33:17,00074F0832,K235
2018-06-16 00:36:46,0006B3775E,K235
2018-06-16 00:45:10,0006B35440,K235
2018-06-16 00:45:39,00075D1E39,K235
2018-06-16 00:52:32,0006B3A093,K235
2018-06-16 00:54:26,0006B294D3,K235
2018-06-16 01:00:32,00068E1A0D,K235
2018-06-16 01:03:05,00074FA4F8,K235
2018-06-16 01:05:04,00074F0832,K235
2018-06-16 01:05:06,0006B2A1D2,K235
2018-06-16 01:08:07,00075D1E39,K235
2018-06-16 01:08:49,0006B2A1D2,K235
2018-06-16 01:09:16,0006B294D3,K235
2018-06-16 01:09:45,0006B2A1D2,K235
2018-06-16 01:13:39,00074F238E,K235
2018-06-16 01:14:51,00075D2562,K235
2018-06-16 01:22:47,00074FA4F8,K235
2018-06-16 01:22:59,00074FA4F8,K235
2018-06-16 01:23:02,00068E1A0D,K235
2018-06-16 01:25:05,00075D2562,K235
2018-06-16 01:26:59,00074FA4F8,K235
2018-06-16 01:27:33,00074FA4F8,K235
2018-06-16 01:29:08,00065EBF3C,K235
2018-06-16 01:29:45,00065EBF3C,K235
2018-06-16 01:32:35,00074FA4F8,K235
2018-06-16 01:34:13,00075D2562,K235
2018-06-16 01:36:12,00075D8712,K235
2018-06-16 01:37:29,00074F0832,K235
2018-06-16 01:39:30,00074FA4F8,K235
2018-06-16 01:39:36,0006B2A1D2,K235
2018-06-16 01:40:36,0006B3775E,K235
2018-06-16 01:44:33,00075D8712,K235
2018-06-16 01:45:47,00075D1E39,K235
2018-06-16 01:46:07,00074FA4F8,K235
2018-06-16 01:46:14,0006B3775E,K235
2018-06-16 01:46:46,00075D8712,K235
2018-06-16 01:46:58,00074FA4F8,K235
2018-06-16 01:47:27,00074FA4F8,K235
2018-06-16 01:47:46,0006B2A1D2,K235
2018-06-16 01:47:57,0006B2A1D2,K235
2018-06-16 01:48:27,0006B2A1D2,K235
2018-06-16 01:49:22,00075D1E39,K235
2018-06-16 01:49:35,00074FA4F8,K235
2018-06-16 02:07:21,0006B35440,K235
2018-06-16 02:09:39,0006B35440,K235
2018-06-16 02:11:43,00065EBF3C,K235
2018-06-16 02:20:47,0006B3A093,K235
2018-06-16 02:20:58,0006B3A093,K235
2018-06-16 02:22:53,0006B3A093,K235
2018-06-16 02:23:08,0006B3A093,K235
2018-06-16 02:23:21,0006B3A093,K235
2018-06-16 02:27:21,0006B3A093,K235
2018-06-16 02:31:38,00075D2562,K235
2018-06-16 02:38:04,00075D2562,K235
2018-06-16 02:38:17,0006B3A093,K235
2018-06-16 02:54:18,00074F4107,K235
2018-06-16 03:02:54,00074F4107,K235
2018-06-16 03:03:11,00074F4107,K235
2018-06-16 18:44:45,000770D8F5,K8S
2018-06-16 19:09:56,000770D8F5,K8S
2018-06-16 21:41:24,00065EBF3C,K8S
2018-06-16 21:41:36,00065EBF3C,K8S
2018-06-16 21:41:56,00074F238E,K8S
2018-06-16 21:44:15,00075D8712,K8S
2018-06-16 21:44:53,00074FA4F8,K8S
2018-06-16 21:46:54,00075D1E39,K8S
2018-06-16 21:47:15,0006B3775E,K8S
2018-06-16 21:47:30,0006B35440,K8S
2018-06-16 21:47:49,00075D1E39,K8S
2018-06-16 21:48:33,00074F4107,K8S
2018-06-16 21:48:38,0006B2A1D2,K8S
2018-06-16 21:48:45,00074F0832,K8S
2018-06-16 21:48:54,000770FBF5,K8S
2018-06-16 21:49:05,000770FBF5,K8S
2018-06-16 21:49:24,000770FBF5,K8S
2018-06-16 21:49:37,00068E1A0D,K8S
2018-06-16 21:49:45,000770FBF5,K8S
2018-06-16 21:50:09,0006B294D3,K8S
2018-06-16 21:51:14,0006B3A093,K8S
2018-06-16 21:51:25,0006B3A093,K8S
2018-06-16 21:51:33,000770ED72,K8S
2018-06-16 21:53:39,0007ABD6CC,K8S
2018-06-16 21:56:41,00075D1338,K8S
2018-06-16 21:57:10,00075D110D,K8S
2018-06-16 21:58:40,00075D2562,K8S
2018-06-16 22:03:37,00074BE89B,K8S
2018-06-16 22:03:49,00074BE89B,K8S
2018-06-16 22:05:38,0006B34FCA,K8S
2018-06-16 22:05:42,000770D8F5,K8S
2018-06-16 22:28:44,00075D1338,K8S
2018-06-16 22:34:14,00074F4107,K8S
2018-06-16 22:48:16,00074F4107,K8S
2018-06-16 22:54:24,00075D2562,K8S
2018-06-16 22:57:41,00068E1A0D,K8S
2018-06-16 23:11:17,00075D1E39,K8S
2018-06-16 23:16:09,00075D1E39,K8S
2018-06-16 23:17:33,00075D2562,K8S
2018-06-16 23:17:57,00075D1338,K8S
2018-06-16 23:24:44,0006B2A1D2,K8S
2018-06-16 23:26:00,00075D8712,K8S
2018-06-16 23:35:24,00065EBF3C,K8S
2018-06-16 23:35:45,0006B2A1D2,K8S
2018-06-16 23:39:42,00075D1338,K8S
2018-06-16 23:41:47,00074F238E,K8S
2018-06-16 23:42:10,0006B3A093,K8S
2018-06-16 23:45:23,00065EBF3C,K8S
2018-06-16 23:46:54,0006B3775E,K8S
2018-06-16 23:47:05,00075D8712,K8S
2018-06-16 23:50:26,00075D1E39,K8S
2018-06-16 23:50:28,0006B35440,K8S
2018-06-16 23:52:56,00074F0832,K8S
2018-06-16 23:53:32,00074F238E,K8S
2018-06-16 23:54:40,0006B3775E,K8S
2018-06-16 23:55:32,00075D1E39,K8S
2018-06-16 23:58:21,00068E1A0D,K8S
2018-06-17 00:00:05,00075D1338,K8S
2018-06-17 00:01:45,00074F0832,K8S
2018-06-17 00:04:33,00074FA4F8,K8S
2018-06-17 00:06:50,00074F4107,K8S
2018-06-17 00:13:38,0006B35440,K8S
2018-06-17 00:19:46,00074FA4F8,K8S
2018-06-17 00:21:45,00075D1338,K8S
2018-06-17 00:25:20,00075D1E39,K8S
2018-06-17 00:35:06,00065EBF3C,K8S
2018-06-17 00:40:26,00074F4107,K8S
2018-06-17 00:42:50,00075D2562,K8S
2018-06-17 00:44:11,0006B294D3,K8S
2018-06-17 00:45:21,00068E1A0D,K8S
2018-06-17 00:46:29,0006B2A1D2,K8S
2018-06-17 00:48:07,0006B3775E,K8S
2018-06-17 00:48:18,0006B3775E,K8S
2018-06-17 00:48:37,00075D1338,K8S
2018-06-17 00:50:50,0006B3775E,K8S
2018-06-17 00:52:13,00075D1E39,K8S
2018-06-17 00:53:14,00065EBF3C,K8S
2018-06-17 00:56:33,00068E1A0D,K8S
2018-06-17 00:57:05,0006B2A1D2,K8S
2018-06-17 01:02:07,0006B294D3,K8S
2018-06-17 01:11:47,00075D1338,K8S
2018-06-17 01:13:44,00075D2562,K8S
2018-06-17 01:16:48,0006B3A093,K8S
2018-06-17 01:24:52,00074F0832,K8S
2018-06-17 01:27:28,00075D8712,K8S
2018-06-17 01:28:18,00074F238E,K8S
2018-06-17 01:30:37,0006B3775E,K8S
2018-06-17 01:38:20,0006B3A093,K8S
2018-06-17 01:40:03,0006B35440,K8S
2018-06-17 01:40:41,0006B3775E,K8S
2018-06-17 01:41:33,00074F238E,K8S
2018-06-17 01:41:56,00074F0832,K8S
2018-06-17 01:42:21,00075D1E39,K8S
2018-06-17 01:46:55,00075D1338,K8S
2018-06-17 01:51:51,00074FA4F8,K8S
2018-06-17 01:54:37,00065EBF3C,K8S
2018-06-17 01:57:40,00074BE89B,K8S
2018-06-17 01:58:47,00074BE89B,K8S
2018-06-17 02:01:28,00074F4107,K8S
2018-06-17 02:05:38,00075D1E39,K8S
2018-06-17 02:12:33,00075D1338,K8S
2018-06-17 02:14:18,00065EBF3C,K8S
2018-06-17 02:14:31,0006B35440,K8S
2018-06-17 02:17:32,00074FA4F8,K8S
2018-06-17 02:32:55,0006B294D3,K8S
2018-06-17 02:35:55,00075D2562,K8S
2018-06-17 02:39:36,00065EBF3C,K8S
2018-06-17 02:41:27,00068E1A0D,K8S
2018-06-17 02:44:08,00074F0832,K8S
2018-06-17 02:53:52,00065EBF3C,K8S
2018-06-17 02:54:58,0006B294D3,K8S
2018-06-17 02:55:02,00074F0832,K8S
2018-06-17 02:56:37,00075D2562,K8S
2018-06-17 02:57:04,0006B3A093,K8S
2018-06-17 02:57:24,00075D1338,K8S
2018-06-17 02:59:22,0006B35440,K8S
2018-06-17 02:59:37,0006B3775E,K8S
2018-06-17 02:59:56,0006B2A1D2,K8S
2018-06-17 03:08:14,0006B3775E,K8S
2018-06-17 03:19:30,0006B2A1D2,K8S
2018-06-17 03:21:06,00075D1338,K8S
2018-06-17 03:21:23,0006B3A093,K8S
2018-06-17 03:24:46,00075D110D,K8S
2018-06-17 03:28:34,0006B35440,K8S
2018-06-17 03:29:30,00075D8712,K8S
2018-06-17 03:32:39,00075D1E39,K8S
2018-06-17 03:35:29,00074F238E,K8S
2018-06-17 03:35:55,00075D110D,K8S
2018-06-17 03:39:11,00075D1338,K8S
2018-06-17 03:43:34,00074F238E,K8S
2018-06-17 03:47:34,00075D1E39,K8S
2018-06-17 03:48:03,00074F4107,K8S
2018-06-17 04:09:06,00068E1A0D,K8S
2018-06-17 04:16:23,00075D110D,K8S
2018-06-17 04:17:04,000770D8F5,K8S
2018-06-17 04:21:41,0006B294D3,K8S
2018-06-17 04:22:20,0006B34FCA,K8S
2018-06-17 04:25:24,000770ED72,K8S
2018-06-17 04:26:21,00075D2562,K8S
2018-06-17 04:28:34,00074BE89B,K8S
2018-06-17 04:29:36,0006B3A093,K8S
2018-06-17 04:31:10,0007ABD6CC,K8S
2018-06-17 04:38:19,00074FA4F8,K8S
2018-06-17 04:38:22,0006B2A1D2,K8S
2018-06-17 04:39:14,00075D1338,K8S
2018-06-17 04:40:06,00074F0832,K8S
2018-06-17 04:41:55,00065EBF3C,K8S
2018-06-17 04:43:00,00075D1E39,K8S
2018-06-17 04:51:33,0006B3775E,K8S
2018-06-17 04:51:49,0006B35440,K8S
2018-06-17 04:55:12,00074F238E,K8S
2018-06-17 21:13:29,00065EBF3C,K8S
2018-06-17 21:34:30,00065EBF3C,K8S
2018-06-17 21:39:34,0006B294D3,K8S
2018-06-17 21:40:47,00065EBF3C,K8S
2018-06-17 21:42:11,0006B3775E,K8S
2018-06-17 21:43:28,00074F238E,K8S
2018-06-17 21:46:15,00074FA4F8,K8S
2018-06-17 21:46:23,00075D8712,K8S
2018-06-17 21:47:25,00074F0832,K8S
2018-06-17 21:47:36,00075D1338,K8S
2018-06-17 21:47:45,0006B35440,K8S
2018-06-17 21:48:28,00075D2562,K8S
2018-06-17 21:48:32,00075D1338,K8S
2018-06-17 21:48:48,0006B2A1D2,K8S
2018-06-17 21:48:52,000770FBF5,K8S
2018-06-17 21:49:17,0006B3A093,K8S
2018-06-17 21:51:13,0006B35440,K8S
2018-06-17 21:52:07,00074F4107,K8S
2018-06-17 21:52:15,00068E1A0D,K8S
2018-06-17 21:52:19,000770ED72,K8S
2018-06-17 21:52:30,00074BE89B,K8S
2018-06-17 21:54:23,00075D1E39,K8S
2018-06-17 21:54:26,0007ABD6CC,K8S
2018-06-17 21:54:48,00075D110D,K8S
2018-06-17 21:59:02,000770D8F5,K8S
2018-06-17 22:00:08,0006B34FCA,K8S
2018-06-17 22:37:44,0006B35440,K8S
2018-06-17 22:48:21,00075D1338,K8S
2018-06-17 22:58:17,0006B35440,K8S
2018-06-17 23:03:11,00075D1338,K8S
2018-06-17 23:29:34,00068E1A0D,K8S
2018-06-17 23:33:24,0006B35440,K8S
2018-06-17 23:33:46,00075D1E39,K8S
2018-06-17 23:40:14,00068E1A0D,K8S
2018-06-17 23:41:51,0006B294D3,K8S
2018-06-17 23:44:20,00065EBF3C,K8S
2018-06-17 23:47:37,00074F0832,K8S
2018-06-17 23:54:17,00074F238E,K8S
2018-06-17 23:54:21,00075D1338,K8S
2018-06-17 23:54:39,00065EBF3C,K8S
2018-06-17 23:54:56,0006B35440,K8S
2018-06-17 23:56:09,00074F0832,K8S
2018-06-17 23:56:34,00074F4107,K8S
2018-06-17 23:57:00,00075D8712,K8S
2018-06-17 23:57:11,00075D1E39,K8S
2018-06-17 23:59:41,0006B294D3,K8S
2018-06-18 00:03:28,00074FA4F8,K8S
2018-06-18 00:03:58,0006B3775E,K8S
2018-06-18 00:09:35,0006B3A093,K8S
2018-06-18 00:09:54,00074F238E,K8S
2018-06-18 00:10:23,00075D8712,K8S
2018-06-18 00:10:55,00074FA4F8,K8S
2018-06-18 00:11:30,0006B3775E,K8S
2018-06-18 00:17:16,00075D1338,K8S
2018-06-18 00:19:15,00075D2562,K8S
2018-06-18 00:29:41,0006B35440,K8S
2018-06-18 00:35:38,00068E1A0D,K8S
2018-06-18 00:36:13,00075D2562,K8S
2018-06-18 00:41:46,0006B2A1D2,K8S
2018-06-18 00:42:07,00075D1E39,K8S
2018-06-18 00:53:00,0006B2A1D2,K8S
2018-06-18 00:56:42,00075D1E39,K8S
2018-06-18 01:02:17,00075D1338,K8S
2018-06-18 01:03:28,0006B35440,K8S
2018-06-18 01:09:57,0006B3775E,K8S
2018-06-18 01:12:27,0006B294D3,K8S
2018-06-18 01:14:38,00074F0832,K8S
2018-06-18 01:17:30,00065EBF3C,K8S
2018-06-18 01:23:41,00075D2562,K8S
2018-06-18 01:25:34,00074FA4F8,K8S
2018-06-18 01:25:44,0006B3775E,K8S
2018-06-18 01:25:47,00074F0832,K8S
2018-06-18 01:29:52,0006B3A093,K8S
2018-06-18 01:31:17,0006B35440,K8S
2018-06-18 01:33:33,0006B294D3,K8S
2018-06-18 01:33:55,00065EBF3C,K8S
2018-06-18 01:34:13,00075D1338,K8S
2018-06-18 01:38:48,00074FA4F8,K8S
2018-06-18 01:47:01,00075D2562,K8S
2018-06-18 01:49:37,0006B3A093,K8S
2018-06-18 01:52:38,00068E1A0D,K8S
2018-06-18 02:04:15,00075D8712,K8S
2018-06-18 02:06:50,00068E1A0D,K8S
2018-06-18 02:09:17,0006B35440,K8S
2018-06-18 02:10:46,0006B35440,K8S
2018-06-18 02:10:50,00074F238E,K8S
2018-06-18 02:11:21,00074BE89B,K8S
2018-06-18 02:15:09,0006B294D3,K8S
2018-06-18 02:18:06,00075D1338,K8S
2018-06-18 02:19:17,00074F0832,K8S
2018-06-18 02:20:37,00074BE89B,K8S
2018-06-18 02:22:16,00074F238E,K8S
2018-06-18 02:23:48,00065EBF3C,K8S
2018-06-18 02:24:44,00075D1E39,K8S
2018-06-18 02:33:57,00074FA4F8,K8S
2018-06-18 02:34:06,00074F4107,K8S
2018-06-18 02:37:29,0006B2A1D2,K8S
2018-06-18 02:38:04,00074F0832,K8S
2018-06-18 02:39:27,0006B3775E,K8S
2018-06-18 02:40:51,00075D1E39,K8S
2018-06-18 02:44:46,0006B294D3,K8S
2018-06-18 02:50:07,00065EBF3C,K8S
2018-06-18 02:50:20,0006B3775E,K8S
2018-06-18 02:50:29,0006B35440,K8S
2018-06-18 02:54:57,00074FA4F8,K8S
2018-06-18 02:57:32,00074F4107,K8S
2018-06-18 02:57:36,00075D1338,K8S
2018-06-18 03:15:45,00074F0832,K8S
2018-06-18 03:22:27,00074F0832,K8S
2018-06-18 03:25:22,00075D2562,K8S
2018-06-18 03:26:50,0006B35440,K8S
2018-06-18 03:35:23,00075D8712,K8S
2018-06-18 03:35:57,00075D2562,K8S
2018-06-18 03:43:20,0006B3A093,K8S
2018-06-18 03:43:55,0006B35440,K8S
2018-06-18 04:05:22,0006B3A093,K8S
2018-06-18 04:11:46,00068E1A0D,K8S
2018-06-18 04:19:54,00075D110D,K8S
2018-06-18 04:22:52,00075D1338,K8S
2018-06-18 04:24:46,000770ED72,K8S
2018-06-18 04:26:19,000770D8F5,K8S
2018-06-18 04:26:36,0006B34FCA,K8S
2018-06-18 04:31:16,00074FA4F8,K8S
2018-06-18 04:32:13,0007ABD6CC,K8S
2018-06-18 04:32:38,00074BE89B,K8S
2018-06-18 04:34:58,0006B294D3,K8S
2018-06-18 04:39:53,0006B35440,K8S
2018-06-18 04:43:17,00075D1E39,K8S
2018-06-18 04:43:59,0006B3A093,K8S
2018-06-18 04:48:01,0007ABD6CC,K8S
2018-06-18 04:50:08,00075D2562,K8S
2018-06-18 04:50:20,00065EBF3C,K8S
2018-06-18 04:50:28,0006B3775E,K8S
2018-06-18 04:50:31,0007ABD6CC,K8S
2018-06-18 04:52:17,00074F238E,K8S
2018-06-18 04:53:28,00074F0832,K8S
2018-06-18 05:00:27,0006B2A1D2,K8S
2018-06-18 18:29:00,000770D8F5,K8S
2018-06-18 21:42:33,00075D8712,K8S
2018-06-18 21:45:49,0006B294D3,K8S
2018-06-18 21:46:08,00065EBF3C,K8S
2018-06-18 21:46:42,00074F0832,K8S
2018-06-18 21:47:09,00074F4107,K8S
2018-06-18 21:49:57,00074F238E,K8S
2018-06-18 21:50:01,00074FA4F8,K8S
2018-06-18 21:50:03,000770FBF5,K8S
2018-06-18 21:51:15,0006B2A1D2,K8S
2018-06-18 21:51:29,00075D1E39,K8S
2018-06-18 21:51:35,000770FBF5,K8S
2018-06-18 21:51:57,00068E1A0D,K8S
2018-06-18 21:52:00,0006B2A1D2,K8S
2018-06-18 21:52:03,0007ABD6CC,K8S
2018-06-18 21:52:24,0006B3775E,K8S
2018-06-18 21:54:26,00075D1338,K8S
2018-06-18 21:54:41,00075D2562,K8S
2018-06-18 21:54:46,00074BE89B,K8S
2018-06-18 21:54:59,0006B35440,K8S
2018-06-18 21:57:09,0006B3A093,K8S
2018-06-18 21:57:18,000770ED72,K8S
2018-06-18 22:00:17,000770D8F5,K8S
2018-06-18 22:03:25,000770D8F5,K8S
2018-06-18 22:07:56,0006B34FCA,K8S
2018-06-18 22:08:17,00075D110D,K8S
2018-06-18 22:37:35,00075D1338,K8S
2018-06-18 23:03:20,00075D1338,K8S
2018-06-18 23:12:28,0006B2A1D2,K8S
2018-06-18 23:21:08,0006B35440,K8S
2018-06-18 23:25:38,00068E1A0D,K8S
2018-06-18 23:31:32,0006B3A093,K8S
2018-06-18 23:34:06,00068E1A0D,K8S
2018-06-18 23:40:06,0006B35440,K8S
2018-06-18 23:42:24,00074F0832,K8S
2018-06-18 23:47:45,00075D1338,K8S
2018-06-18 23:49:18,00074F0832,K8S
2018-06-18 23:56:38,00075D1E39,K8S
2018-06-19 00:02:24,00075D1E39,K8S
2018-06-19 00:04:38,00074F4107,K8S
2018-06-19 00:06:19,00074F238E,K8S
2018-06-19 00:06:56,00065EBF3C,K8S
2018-06-19 00:10:26,00074FA4F8,K8S
2018-06-19 00:13:48,00075D1338,K8S
2018-06-19 00:18:23,00074F238E,K8S
2018-06-19 00:18:36,00065EBF3C,K8S
2018-06-19 00:19:08,00074FA4F8,K8S
2018-06-19 00:22:24,0006B35440,K8S
2018-06-19 00:23:33,00075D2562,K8S
2018-06-19 00:25:56,00075D8712,K8S
2018-06-19 00:29:31,0006B3A093,K8S
2018-06-19 00:31:42,0006B3775E,K8S
2018-06-19 00:32:49,0006B294D3,K8S
2018-06-19 00:36:44,00075D2562,K8S
2018-06-19 00:41:54,0006B294D3,K8S
2018-06-19 00:42:47,0006B3A093,K8S
2018-06-19 00:42:55,00068E1A0D,K8S
2018-06-19 00:44:35,0006B3775E,K8S
2018-06-19 00:51:49,00074F0832,K8S
2018-06-19 00:52:17,00075D1E39,K8S
2018-06-19 00:59:07,00074F0832,K8S
2018-06-19 01:00:36,0006B35440,K8S
2018-06-19 01:05:34,00075D1E39,K8S
2018-06-19 01:08:42,0006B2A1D2,K8S
2018-06-19 01:14:30,00065EBF3C,K8S
2018-06-19 01:17:29,00075D1338,K8S
2018-06-19 01:20:50,00074F4107,K8S
2018-06-19 01:21:05,0006B2A1D2,K8S
2018-06-19 01:32:52,00075D1338,K8S
2018-06-19 01:43:32,00074F4107,K8S
2018-06-19 01:44:40,00074FA4F8,K8S
2018-06-19 01:47:15,00074F0832,K8S
2018-06-19 01:50:53,0006B294D3,K8S
2018-06-19 01:55:09,00074F0832,K8S
2018-06-19 02:00:30,0006B294D3,K8S
2018-06-19 02:00:54,00074FA4F8,K8S
2018-06-19 02:14:25,00075D2562,K8S
2018-06-19 02:14:51,0006B3A093,K8S
2018-06-19 02:16:28,0006B3A093,K8S
2018-06-19 02:16:39,0006B3A093,K8S
2018-06-19 02:17:58,0006B35440,K8S
2018-06-19 02:18:11,00074F238E,K8S
2018-06-19 02:19:18,00075D1338,K8S
2018-06-19 02:27:07,00074F238E,K8S
2018-06-19 02:32:35,00075D1E39,K8S
2018-06-19 02:36:50,00075D8712,K8S
2018-06-19 02:37:33,00074F0832,K8S
2018-06-19 02:37:36,0006B3775E,K8S
2018-06-19 02:38:02,00075D1338,K8S
2018-06-19 02:40:06,00075D2562,K8S
2018-06-19 02:40:20,00074F4107,K8S
2018-06-19 02:43:49,0006B3775E,K8S
2018-06-19 02:44:32,00075D1E39,K8S
2018-06-19 02:44:57,00068E1A0D,K8S
2018-06-19 02:48:01,00074F0832,K8S
2018-06-19 02:52:31,0006B35440,K8S
2018-06-19 02:54:20,00074FA4F8,K8S
2018-06-19 03:04:58,0006B2A1D2,K8S
2018-06-19 03:07:05,00065EBF3C,K8S
2018-06-19 03:07:31,00074FA4F8,K8S
2018-06-19 03:17:15,0006B2A1D2,K8S
2018-06-19 03:19:52,00074F238E,K8S
2018-06-19 03:20:06,00074F0832,K8S
2018-06-19 03:23:09,00065EBF3C,K8S
2018-06-19 03:26:06,00074F238E,K8S
2018-06-19 03:26:55,00075D1E39,K8S
2018-06-19 03:30:26,00074F0832,K8S
2018-06-19 03:35:04,00075D1E39,K8S
2018-06-19 03:35:44,0006B3A093,K8S
2018-06-19 04:01:39,0006B294D3,K8S
2018-06-19 04:10:57,00068E1A0D,K8S
2018-06-19 04:11:47,0006B294D3,K8S
2018-06-19 04:23:32,00075D1338,K8S
2018-06-19 04:28:30,00074BE89B,K8S
2018-06-19 04:29:03,00075D110D,K8S
2018-06-19 04:30:57,000770ED72,K8S
2018-06-19 04:32:56,0006B3775E,K8S
2018-06-19 04:34:18,00075D2562,K8S
2018-06-19 04:35:33,0006B34FCA,K8S
2018-06-19 04:35:57,0006B294D3,K8S
2018-06-19 04:36:29,00074FA4F8,K8S
2018-06-19 04:40:00,000770D8F5,K8S
2018-06-19 04:43:32,00065EBF3C,K8S
2018-06-19 04:44:28,00075D1E39,K8S
2018-06-19 04:45:01,0007ABD6CC,K8S
2018-06-19 04:46:00,00074F0832,K8S
2018-06-19 04:48:48,0006B35440,K8S
2018-06-19 04:49:24,00074F238E,K8S
2018-06-19 04:53:29,0007ABD6CC,K8S
2018-06-19 05:03:48,0007ABD6CC,K8S
2018-06-19 20:32:26,000770D8F5,K8S
2018-06-19 21:39:21,00074F4107,K8S
2018-06-19 21:39:52,00074F4107,K8S
2018-06-19 21:41:44,00065EBF3C,K8S
2018-06-19 21:41:58,00065EBF3C,K8S
2018-06-19 21:42:30,00075D8712,K8S
2018-06-19 21:43:41,00074F238E,K8S
2018-06-19 21:44:21,0006B3775E,K8S
2018-06-19 21:44:23,0006B294D3,K8S
2018-06-19 21:44:56,0006B2A1D2,K8S
2018-06-19 21:45:12,0006B2A1D2,K8S
2018-06-19 21:45:28,0006B2A1D2,K8S
2018-06-19 21:47:24,0006B3A093,K8S
2018-06-19 21:48:44,0006B2A1D2,K8S
2018-06-19 21:49:14,00074F0832,K8S
2018-06-19 21:49:51,00075D1338,K8S
2018-06-19 21:50:10,000770FBF5,K8S
2018-06-19 21:50:12,00075D1E39,K8S
2018-06-19 21:50:24,00074BE89B,K8S
2018-06-19 21:50:32,0007ABD6CC,K8S
2018-06-19 21:55:15,00075D2562,K8S
2018-06-19 21:55:20,00068E1A0D,K8S
2018-06-19 21:55:30,00074FA4F8,K8S
2018-06-19 21:56:11,0006B35440,K8S
2018-06-19 21:56:50,000770ED72,K8S
2018-06-19 22:01:40,0006B34FCA,K8S
2018-06-19 22:02:09,000770D8F5,K8S
2018-06-19 22:02:25,00075D110D,K8S
2018-06-19 22:47:53,00075D1338,K8S
2018-06-19 22:58:07,00075D1338,K8S
2018-06-19 23:10:05,00074F4107,K8S
2018-06-19 23:15:45,0006B35440,K8S
2018-06-19 23:21:56,00074F0832,K8S
2018-06-19 23:24:14,00074F4107,K8S
2018-06-19 23:27:00,00074F0832,K8S
2018-06-19 23:30:18,0006B3A093,K8S
2018-06-19 23:30:29,0006B3A093,K8S
2018-06-19 23:33:29,0006B35440,K8S
2018-06-19 23:38:25,00068E1A0D,K8S
2018-06-19 23:42:23,00074FA4F8,K8S
2018-06-19 23:42:32,0006B294D3,K8S
2018-06-19 23:46:58,00068E1A0D,K8S
2018-06-19 23:47:26,0006B3A093,K8S
2018-06-19 23:47:35,00074FA4F8,K8S
2018-06-19 23:53:23,0006B294D3,K8S
2018-06-19 23:56:18,0006B2A1D2,K8S
2018-06-19 23:57:26,0006B3A093,K8S
2018-06-19 23:57:37,0006B3A093,K8S
2018-06-20 00:00:11,00065EBF3C,K8S
2018-06-20 00:00:12,00075D1338,K8S
2018-06-20 00:03:09,0006B35440,K8S
2018-06-20 00:03:16,0006B3775E,K8S
2018-06-20 00:03:27,00074F238E,K8S
2018-06-20 00:05:49,00074F238E,K8S
2018-06-20 00:06:04,0006B2A1D2,K8S
2018-06-20 00:06:50,0006B3775E,K8S
2018-06-20 00:09:26,0006B294D3,K8S
2018-06-20 00:13:27,00065EBF3C,K8S
2018-06-20 00:16:59,00075D1338,K8S
2018-06-20 00:22:27,00075D2562,K8S
2018-06-20 00:22:50,0006B294D3,K8S
2018-06-20 00:25:34,00068E1A0D,K8S
2018-06-20 00:25:58,00074F0832,K8S
2018-06-20 00:29:04,00075D1E39,K8S
2018-06-20 00:33:10,00068E1A0D,K8S
2018-06-20 00:34:54,0006B35440,K8S
2018-06-20 00:36:34,00074F0832,K8S
2018-06-20 00:41:27,00075D2562,K8S
2018-06-20 00:41:59,00075D1E39,K8S
2018-06-20 00:44:05,00074F238E,K8S
2018-06-20 00:55:36,00075D8712,K8S
2018-06-20 00:57:11,0006B3775E,K8S
2018-06-20 00:57:15,00074F238E,K8S
2018-06-20 01:03:25,0006B35440,K8S
2018-06-20 01:03:36,0006B3775E,K8S
2018-06-20 01:13:08,00075D1338,K8S
2018-06-20 01:14:38,00068E1A0D,K8S
2018-06-20 01:16:33,0006B3775E,K8S
2018-06-20 01:16:41,0006B35440,K8S
2018-06-20 01:16:59,0006B35440,K8S
2018-06-20 01:17:13,0006B3775E,K8S
2018-06-20 01:20:04,00068E1A0D,K8S
2018-06-20 01:22:54,00075D1338,K8S
2018-06-20 01:24:33,0006B35440,K8S
2018-06-20 01:25:00,00068E1A0D,K8S
2018-06-20 01:25:55,0006B35440,K8S
2018-06-20 01:26:06,0006B35440,K8S
2018-06-20 01:26:17,0006B35440,K8S
2018-06-20 01:26:32,00075D8712,K8S
2018-06-20 01:26:39,00074FA4F8,K8S
2018-06-20 01:26:45,00068E1A0D,K8S
2018-06-20 01:26:58,0006B3A093,K8S
2018-06-20 01:29:18,00074FA4F8,K8S
2018-06-20 01:29:32,00074F4107,K8S
2018-06-20 01:31:46,00074FA4F8,K8S
2018-06-20 01:33:03,00074FA4F8,K8S
2018-06-20 01:37:54,0006B3A093,K8S
2018-06-20 01:42:35,00074F0832,K8S
2018-06-20 01:44:37,00074F0832,K8S
2018-06-20 01:44:49,00074F0832,K8S
2018-06-20 01:44:53,00075D1E39,K8S
2018-06-20 01:45:05,00074F0832,K8S
2018-06-20 01:45:16,00074F0832,K8S
2018-06-20 01:45:27,00074F0832,K8S
2018-06-20 01:45:38,00074F0832,K8S
2018-06-20 01:45:49,00074F0832,K8S
2018-06-20 01:46:01,00074F0832,K8S
2018-06-20 01:46:32,00075D1E39,K8S
2018-06-20 01:46:54,00075D8712,K8S
2018-06-20 01:47:20,0006B3A093,K8S
2018-06-20 01:48:30,0006B2A1D2,K8S
2018-06-20 01:48:45,0006B3A093,K8S
2018-06-20 01:48:56,0006B3A093,K8S
2018-06-20 01:49:07,0006B3A093,K8S
2018-06-20 01:49:18,0006B3A093,K8S
2018-06-20 01:49:29,0006B3A093,K8S
2018-06-20 01:49:40,0006B3A093,K8S
2018-06-20 01:49:51,0006B3A093,K8S
2018-06-20 01:51:14,00075D1E39,K8S
2018-06-20 01:52:30,0006B3775E,K8S
2018-06-20 01:54:41,0006B294D3,K8S
2018-06-20 01:58:17,0006B294D3,K8S
2018-06-20 01:58:33,0006B294D3,K8S
2018-06-20 01:58:47,0006B294D3,K8S
2018-06-20 01:58:58,0006B294D3,K8S
2018-06-20 01:59:09,0006B294D3,K8S
2018-06-20 01:59:21,0006B294D3,K8S
2018-06-20 01:59:32,0006B294D3,K8S
2018-06-20 01:59:48,0006B3775E,K8S
2018-06-20 02:01:30,0006B2A1D2,K8S
2018-06-20 02:02:58,00075D1338,K8S
2018-06-20 02:03:17,0006B294D3,K8S
2018-06-20 02:05:17,00075D1338,K8S
2018-06-20 02:05:29,00075D1338,K8S
2018-06-20 02:07:04,0006B294D3,K8S
2018-06-20 02:07:15,0006B294D3,K8S
2018-06-20 02:07:36,0006B294D3,K8S
2018-06-20 02:11:19,0006B294D3,K8S
2018-06-20 02:11:53,0006B294D3,K8S
2018-06-20 02:12:17,00075D2562,K8S
2018-06-20 02:14:25,00074F238E,K8S
2018-06-20 02:15:10,00075D2562,K8S
2018-06-20 02:17:50,0006B294D3,K8S
2018-06-20 02:20:52,00074F238E,K8S
2018-06-20 02:22:24,0006B294D3,K8S
2018-06-20 02:22:36,0006B294D3,K8S
2018-06-20 02:23:48,00065EBF3C,K8S
2018-06-20 02:25:35,0006B294D3,K8S
2018-06-20 02:25:46,0006B294D3,K8S
2018-06-20 02:28:12,0006B294D3,K8S
2018-06-20 02:28:25,00074F238E,K8S
2018-06-20 02:30:01,00074F238E,K8S
2018-06-20 02:30:12,00074F238E,K8S
2018-06-20 02:32:37,0006B294D3,K8S
2018-06-20 02:36:23,0006B294D3,K8S
2018-06-20 02:38:04,0006B294D3,K8S
2018-06-20 02:43:09,00065EBF3C,K8S
2018-06-20 02:59:45,0006B2A1D2,K8S
2018-06-20 03:05:18,0006B2A1D2,K8S
2018-06-20 03:09:09,0006B2A1D2,K8S
2018-06-20 03:12:05,0006B2A1D2,K8S
2018-06-20 03:12:16,0006B2A1D2,K8S
2018-06-20 03:12:27,0006B2A1D2,K8S
2018-06-20 03:12:39,0006B2A1D2,K8S
2018-06-20 03:17:38,00074F4107,K8S
2018-06-20 03:18:09,0006B2A1D2,K8S
2018-06-20 03:18:20,0006B2A1D2,K8S
2018-06-20 03:18:31,0006B2A1D2,K8S
2018-06-20 03:18:42,0006B2A1D2,K8S
2018-06-20 03:18:53,0006B2A1D2,K8S
2018-06-20 03:19:04,0006B2A1D2,K8S
2018-06-20 03:23:21,00074F4107,K8S
2018-06-20 03:30:51,0006B3775E,K8S
2018-06-20 03:32:54,0006B3775E,K8S
2018-06-20 03:33:07,0006B3775E,K8S
2018-06-20 03:33:18,0006B3775E,K8S
2018-06-20 03:33:33,0006B3775E,K8S
2018-06-20 03:41:38,0006B3775E,K8S
2018-06-20 03:41:50,0006B3775E,K8S
2018-06-21 21:44:25,00065EBF3C,K7S
2018-06-21 21:49:27,00074F4107,K7S
2018-06-21 21:50:31,0006B294D3,K7S
2018-06-21 21:52:02,0006B3775E,K7S
2018-06-21 21:52:13,00074F0832,K7S
2018-06-21 21:52:59,00075D2562,K7S
2018-06-21 21:53:03,00075D1338,K7S
2018-06-21 21:54:54,0006B2A1D2,K7S
2018-06-21 21:56:16,00068E1A0D,K7S
2018-06-21 21:56:19,00074FA4F8,K7S
2018-06-21 21:56:23,00074F238E,K7S
2018-06-21 21:57:05,00075D1E39,K7S
2018-06-21 21:57:12,0006B3A093,K7S
2018-06-21 21:57:27,0007ABD6CC,K7S
2018-06-21 21:57:35,00074F238E,K7S
2018-06-21 21:59:37,0006B2A1D2,K7S
2018-06-21 22:01:44,0006B35440,K7S
2018-06-21 22:04:46,000770FBF5,K7S
2018-06-21 22:11:22,000770D8F5,K7S
2018-06-21 22:11:34,00074BE89B,K7S
2018-06-21 22:11:55,000770ED72,K7S
2018-06-21 22:12:27,0006B34FCA,K7S
2018-06-21 22:14:12,00075D110D,K7S
2018-06-21 22:43:13,00075D1338,K7S
2018-06-21 22:59:08,00075D1338,K7S
2018-06-21 23:01:11,0006B35440,K7S
2018-06-21 23:31:35,0006B35440,K7S
2018-06-21 23:42:12,00075D8712,K7S
2018-06-21 23:55:09,0006B294D3,K7S
2018-06-21 23:57:52,00075D8712,K7S
2018-06-21 23:59:47,00074F0832,K7S
2018-06-22 00:01:10,00068E1A0D,K7S
2018-06-22 00:02:32,00075D1338,K7S
2018-06-22 00:03:22,00074FA4F8,K7S
2018-06-22 00:05:24,0006B2A1D2,K7S
2018-06-22 00:10:48,00075D1E39,K7S
2018-06-22 00:11:44,00074F0832,K7S
2018-06-22 00:12:31,00074F238E,K7S
2018-06-22 00:12:50,0006B294D3,K7S
2018-06-22 00:13:34,0006B3A093,K7S
2018-06-22 00:14:31,00068E1A0D,K7S
2018-06-22 00:16:47,00074BE89B,K7S
2018-06-22 00:18:06,00074F238E,K7S
2018-06-22 00:19:02,00065EBF3C,K7S
2018-06-22 00:23:29,0006B35440,K7S
2018-06-22 00:24:29,00075D1338,K7S
2018-06-22 00:25:36,0006B2A1D2,K7S
2018-06-22 00:27:06,00074F238E,K7S
2018-06-22 00:27:48,0006B3A093,K7S
2018-06-22 00:29:58,0006B3775E,K7S
2018-06-22 00:30:32,00075D1E39,K7S
2018-06-22 00:30:54,00074FA4F8,K7S
2018-06-22 00:34:27,00065EBF3C,K7S
2018-06-22 00:36:54,00075D2562,K7S
2018-06-22 00:40:51,0006B3775E,K7S
2018-06-22 00:45:05,0006B294D3,K7S
2018-06-22 00:46:21,0006B3A093,K7S
2018-06-22 00:47:16,00074F4107,K7S
2018-06-22 00:50:49,00074BE89B,K7S
2018-06-22 00:56:05,00075D2562,K7S
2018-06-22 01:05:05,0006B294D3,K7S
2018-06-22 01:09:06,00075D1338,K7S
2018-06-22 01:13:25,0006B35440,K7S
2018-06-22 01:17:06,00074BE89B,K7S
2018-06-22 01:19:33,00074F0832,K7S
2018-06-22 01:23:10,00075D1E39,K7S
2018-06-22 01:26:18,00074F238E,K7S
2018-06-22 01:30:38,0006B3A093,K7S
2018-06-22 01:34:04,00074F238E,K7S
2018-06-22 01:34:31,00074F0832,K7S
2018-06-22 01:38:15,00074BE89B,K7S
2018-06-22 01:38:17,00075D1338,K7S
2018-06-22 01:44:14,00068E1A0D,K7S
2018-06-22 01:48:44,0006B3A093,K7S
2018-06-22 01:49:39,0006B294D3,K7S
2018-06-22 01:50:23,0006B35440,K7S
2018-06-22 01:50:42,00075D1E39,K7S
2018-06-22 01:53:21,000770FBF5,K7S
2018-06-22 01:57:35,00068E1A0D,K7S
2018-06-22 01:58:48,000770FBF5,K7S
2018-06-22 02:05:28,00074FA4F8,K7S
2018-06-22 02:13:46,00065EBF3C,K7S
2018-06-22 02:21:58,00075D110D,K7S
2018-06-22 02:22:41,00074F238E,K7S
2018-06-22 02:32:33,00074F238E,K7S
2018-06-22 02:33:46,0006B294D3,K7S
2018-06-22 02:34:25,0006B3775E,K7S
2018-06-22 02:36:38,0006B294D3,K7S
2018-06-22 02:37:08,00074F0832,K7S
2018-06-22 02:38:57,0006B35440,K7S
2018-06-22 02:39:23,00075D110D,K7S
2018-06-22 02:40:03,00065EBF3C,K7S
2018-06-22 02:41:31,0006B294D3,K7S
2018-06-22 02:44:07,00068E1A0D,K7S
2018-06-22 02:44:56,0006B3775E,K7S
2018-06-22 02:45:15,00075D8712,K7S
2018-06-22 02:47:14,00075D2562,K7S
2018-06-22 02:54:15,00074F0832,K7S
2018-06-22 02:55:43,00075D8712,K7S
2018-06-22 02:56:31,0006B35440,K7S
2018-06-22 02:56:34,00074BE89B,K7S
2018-06-22 03:03:47,00075D2562,K7S
2018-06-22 03:05:12,0006B294D3,K7S
2018-06-22 03:06:39,00068E1A0D,K7S
2018-06-22 03:10:02,0006B35440,K7S
2018-06-22 03:13:56,0006B2A1D2,K7S
2018-06-22 03:15:24,0006B35440,K7S
2018-06-22 03:15:55,00074F4107,K7S
2018-06-22 03:18:21,00074BE89B,K7S
2018-06-22 03:18:34,00075D1E39,K7S
2018-06-22 03:19:13,00075D1338,K7S
2018-06-22 03:26:50,0006B2A1D2,K7S
2018-06-22 03:30:40,00075D1E39,K7S
2018-06-22 03:31:12,0006B35440,K7S
2018-06-22 03:39:07,00074BE89B,K7S
2018-06-22 03:55:25,0006B294D3,K7S
2018-06-22 04:03:18,000770ED72,K7S
2018-06-22 04:03:41,0006B34FCA,K7S
2018-06-22 04:03:50,0006B294D3,K7S
2018-06-22 04:05:20,000770D8F5,K7S
2018-06-22 04:06:29,00075D110D,K7S
2018-06-22 04:08:35,00075D2562,K7S
2018-06-22 04:10:32,00068E1A0D,K7S
2018-06-22 04:14:52,00074FA4F8,K7S
2018-06-22 04:19:45,00075D8712,K7S
2018-06-22 04:21:23,0006B3A093,K7S
2018-06-22 04:22:59,00074F238E,K7S
2018-06-22 04:25:01,0006B3775E,K7S
2018-06-22 04:25:09,0006B35440,K7S
2018-06-22 04:25:12,00074F0832,K7S
2018-06-22 04:26:04,00075D1E39,K7S
2018-06-22 04:28:12,00065EBF3C,K7S
2018-06-22 21:58:41,00065EBF3C,K7S
2018-06-22 21:58:52,00065EBF3C,K7S
2018-06-22 22:02:21,00074F4107,K7S
2018-06-22 22:07:01,0006B3775E,K7S
2018-06-22 22:07:47,00075D1E39,K7S
2018-06-22 22:08:39,00075D8712,K7S
2018-06-22 22:10:29,00075D1338,K7S
2018-06-22 22:12:48,000770FBF5,K7S
2018-06-22 22:13:05,00074F238E,K7S
2018-06-22 22:14:43,000770FBF5,K7S
2018-06-22 22:16:40,00074FA4F8,K7S
2018-06-22 22:18:02,00068E1A0D,K7S
2018-06-22 22:19:18,00074F0832,K7S
2018-06-22 22:19:34,000770ED72,K7S
2018-06-22 22:24:16,0006B35440,K7S
2018-06-22 22:24:37,0006B34FCA,K7S
2018-06-22 22:24:39,00074BE89B,K7S
2018-06-22 22:25:19,0006B3A093,K7S
2018-06-22 22:26:48,00075D2562,K7S
2018-06-22 22:28:10,000770D8F5,K7S
2018-06-22 22:36:38,0006B2A1D2,K7S
2018-06-22 22:37:32,0006B294D3,K7S
2018-06-22 22:46:07,00075D110D,K7S
2018-06-22 22:47:35,0006B35440,K7S
2018-06-22 22:52:38,0006B294D3,K7S
2018-06-22 23:09:22,0006B3775E,K7S
2018-06-22 23:10:51,0006B3A093,K7S
2018-06-22 23:18:34,00075D1E39,K7S
2018-06-22 23:22:25,00068E1A0D,K7S
2018-06-22 23:23:42,00074FA4F8,K7S
2018-06-22 23:23:46,0006B3775E,K7S
2018-06-22 23:33:49,0006B3A093,K7S
2018-06-22 23:34:08,00065EBF3C,K7S
2018-06-22 23:36:09,0006B294D3,K7S
2018-06-22 23:36:53,00075D1338,K7S
2018-06-22 23:37:50,00075D1E39,K7S
2018-06-22 23:40:47,00074FA4F8,K7S
2018-06-22 23:41:35,00074BE89B,K7S
2018-06-22 23:42:06,00068E1A0D,K7S
2018-06-22 23:47:07,00074F238E,K7S
2018-06-22 23:52:23,00075D8712,K7S
2018-06-22 23:55:47,00074F0832,K7S
2018-06-22 23:55:53,00075D110D,K7S
2018-06-23 00:02:04,0006B3A093,K7S
2018-06-23 00:02:06,0006B294D3,K7S
2018-06-23 00:06:35,00074F238E,K7S
2018-06-23 00:08:11,00065EBF3C,K7S
2018-06-23 00:16:26,00075D2562,K7S
2018-06-23 00:16:38,00074F0832,K7S
2018-06-23 00:16:49,0006B35440,K7S
2018-06-23 00:22:07,00074BE89B,K7S
2018-06-23 00:25:27,00074FA4F8,K7S
2018-06-23 00:29:44,00075D1338,K7S
2018-06-23 00:30:26,00075D1E39,K7S
2018-06-23 00:33:02,0006B2A1D2,K7S
2018-06-23 00:35:45,00074F4107,K7S
2018-06-23 00:36:48,0006B3A093,K7S
2018-06-23 00:38:59,00075D8712,K7S
2018-06-23 00:39:06,00075D110D,K7S
2018-06-23 00:47:10,00065EBF3C,K7S
2018-06-23 00:47:15,0006B3775E,K7S
2018-06-23 00:50:20,00068E1A0D,K7S
2018-06-23 00:52:26,00074BE89B,K7S
2018-06-23 00:53:38,00075D8712,K7S
2018-06-23 00:54:47,00074F0832,K7S
2018-06-23 00:57:14,00075D1E39,K7S
2018-06-23 00:58:04,0006B3A093,K7S
2018-06-23 01:01:00,00075D2562,K7S
2018-06-23 01:07:27,00075D110D,K7S
2018-06-23 01:08:59,0006B3775E,K7S
2018-06-23 01:11:43,0006B294D3,K7S
2018-06-23 01:12:40,000770ED72,K7S
2018-06-23 01:14:37,00074FA4F8,K7S
2018-06-23 01:20:45,0006B35440,K7S
2018-06-23 01:21:21,00068E1A0D,K7S
2018-06-23 01:24:34,00074F0832,K7S
2018-06-23 01:25:27,000770ED72,K7S
2018-06-23 01:28:26,00075D8712,K7S
2018-06-23 01:29:14,00074BE89B,K7S
2018-06-23 01:34:56,00065EBF3C,K7S
2018-06-23 01:42:05,000770ED72,K7S
2018-06-23 01:45:41,0006B294D3,K7S
2018-06-23 01:46:39,00075D1E39,K7S
2018-06-23 01:51:41,0006B3A093,K7S
2018-06-23 01:52:40,00075D110D,K7S
2018-06-23 01:59:46,00074F238E,K7S
2018-06-23 02:00:37,000770ED72,K7S
2018-06-23 02:02:02,00075D1338,K7S
2018-06-23 02:08:34,00068E1A0D,K7S
2018-06-23 02:09:33,00074BE89B,K7S
2018-06-23 02:11:55,00074F238E,K7S
2018-06-23 02:14:47,00075D8712,K7S
2018-06-23 02:21:43,0006B294D3,K7S
2018-06-23 02:25:10,0006B3775E,K7S
2018-06-23 02:30:51,00074F4107,K7S
2018-06-23 02:39:40,0006B35440,K7S
2018-06-23 02:40:11,00074F0832,K7S
2018-06-23 02:41:29,00075D8712,K7S
2018-06-23 02:43:57,00068E1A0D,K7S
2018-06-23 02:45:20,0006B3A093,K7S
2018-06-23 02:47:12,0006B3775E,K7S
2018-06-23 02:50:29,00075D1E39,K7S
2018-06-23 02:52:46,00074F0832,K7S
2018-06-23 03:00:30,00075D1338,K7S
2018-06-23 03:12:52,0006B35440,K7S
2018-06-23 03:17:17,0006B3A093,K7S
2018-06-23 03:21:41,00075D1338,K7S
2018-06-23 03:37:46,00074FA4F8,K7S
2018-06-23 03:40:20,000770D8F5,K7S
2018-06-23 03:50:09,0006B34FCA,K7S
2018-06-23 03:56:51,0006B294D3,K7S
2018-06-23 03:58:11,00074F0832,K7S
2018-06-23 03:58:32,00075D2562,K7S
2018-06-23 03:58:35,00075D8712,K7S
2018-06-23 03:59:38,00075D110D,K7S
2018-06-23 04:00:55,0006B3A093,K7S
2018-06-23 04:12:19,00065EBF3C,K7S
2018-06-23 04:12:25,00074F238E,K7S
2018-06-23 04:16:35,0006B3775E,K7S
2018-06-23 04:20:24,00068E1A0D,K7S
2018-06-23 04:21:07,000770ED72,K7S
2018-06-23 04:23:50,00075D1E39,K7S
2018-06-23 21:53:37,00075D8712,K7S
2018-06-23 21:56:18,00074FA4F8,K7S
2018-06-23 21:56:34,00075D1E39,K7S
2018-06-23 21:57:36,00074F4107,K7S
2018-06-23 21:59:17,00068E1A0D,K7S
2018-06-23 21:59:26,00065EBF3C,K7S
2018-06-23 21:59:33,00075D2562,K7S
2018-06-23 22:00:33,0006B2A1D2,K7S
2018-06-23 22:00:51,0006B2A1D2,K7S
2018-06-23 22:01:08,00074F238E,K7S
2018-06-23 22:01:41,0006B2A1D2,K7S
2018-06-23 22:03:02,00075D1338,K7S
2018-06-23 22:06:01,00074F0832,K7S
2018-06-23 22:08:51,0006B3775E,K7S
2018-06-23 22:12:27,0006B294D3,K7S
2018-06-23 22:13:47,00074BE89B,K7S
2018-06-23 22:14:22,000770D8F5,K7S
2018-06-23 22:14:25,0006B35440,K7S
2018-06-23 22:14:33,0006B34FCA,K7S
2018-06-23 22:14:35,0006B3A093,K7S
2018-06-23 22:15:38,000770ED72,K7S
2018-06-23 22:20:29,000770FBF5,K7S
2018-06-23 22:23:53,00075D110D,K7S
2018-06-23 22:38:41,0006B35440,K7S
2018-06-23 22:52:44,0006B35440,K7S
2018-06-23 23:13:10,00075D1E39,K7S
2018-06-23 23:19:27,00075D1338,K7S
2018-06-23 23:20:27,0006B294D3,K7S
2018-06-23 23:23:23,00068E1A0D,K7S
2018-06-23 23:26:43,0006B35440,K7S
2018-06-23 23:34:52,00074BE89B,K7S
2018-06-23 23:36:41,00074FA4F8,K7S
2018-06-23 23:36:48,00075D1E39,K7S
2018-06-23 23:44:08,00065EBF3C,K7S
2018-06-23 23:44:59,00068E1A0D,K7S
2018-06-23 23:45:35,0006B294D3,K7S
2018-06-23 23:46:05,00075D1338,K7S
2018-06-23 23:49:45,00074FA4F8,K7S
2018-06-23 23:58:52,0006B3A093,K7S
2018-06-24 00:06:03,00074F0832,K7S
2018-06-24 00:07:32,00075D8712,K7S
2018-06-24 00:07:47,00075D2562,K7S
2018-06-24 00:08:15,0006B35440,K7S
2018-06-24 00:11:49,0006B294D3,K7S
2018-06-24 00:15:32,00075D1E39,K7S
2018-06-24 00:17:10,00065EBF3C,K7S
2018-06-24 00:18:20,00074F0832,K7S
2018-06-24 00:18:37,00074BE89B,K7S
2018-06-24 00:24:25,00075D8712,K7S
2018-06-24 00:28:18,0006B3A093,K7S
2018-06-24 00:30:01,0007ABD6CC,K7S
2018-06-24 00:34:50,00074F238E,K7S
2018-06-24 00:40:42,00075D2562,K7S
2018-06-24 00:44:33,00075D1338,K7S
2018-06-24 00:52:39,00074F4107,K7S
2018-06-24 01:01:04,00075D8712,K7S
2018-06-24 01:03:13,0006B294D3,K7S
2018-06-24 01:04:12,0006B35440,K7S
2018-06-24 01:05:47,0006B294D3,K7S
2018-06-24 01:06:01,00074BE89B,K7S
2018-06-24 01:09:04,00074FA4F8,K7S
2018-06-24 01:13:53,0006B3A093,K7S
2018-06-24 01:16:48,00068E1A0D,K7S
2018-06-24 01:19:38,0006B3775E,K7S
2018-06-24 01:26:18,00074F238E,K7S
2018-06-24 01:28:51,0006B294D3,K7S
2018-06-24 01:31:04,00075D1E39,K7S
2018-06-24 01:35:47,0007ABD6CC,K7S
2018-06-24 01:37:36,00075D1338,K7S
2018-06-24 01:39:56,0006B3A093,K7S
2018-06-24 01:42:15,0006B3775E,K7S
2018-06-24 01:43:19,00075D8712,K7S
2018-06-24 01:46:38,00065EBF3C,K7S
2018-06-24 01:51:46,00074FA4F8,K7S
2018-06-24 01:56:19,00075D2562,K7S
2018-06-24 01:57:07,00075D1E39,K7S
2018-06-24 01:57:24,0007ABD6CC,K7S
2018-06-24 01:57:59,00074BE89B,K7S
2018-06-24 02:03:16,0006B2A1D2,K7S
2018-06-24 02:04:20,00068E1A0D,K7S
2018-06-24 02:09:13,00075D8712,K7S
2018-06-24 02:11:53,00074F0832,K7S
2018-06-24 02:14:28,0006B294D3,K7S
2018-06-24 02:15:21,0006B35440,K7S
2018-06-24 02:20:28,0006B2A1D2,K7S
2018-06-24 02:28:41,00074F0832,K7S
2018-06-24 02:30:50,0006B3A093,K7S
2018-06-24 02:30:58,00075D1E39,K7S
2018-06-24 02:31:38,00065EBF3C,K7S
2018-06-24 02:35:20,00075D2562,K7S
2018-06-24 02:36:41,0006B3775E,K7S
2018-06-24 02:38:05,00075D1E39,K7S
2018-06-24 02:39:56,0006B294D3,K7S
2018-06-24 02:42:41,0006B35440,K7S
2018-06-24 02:48:10,00075D8712,K7S
2018-06-24 02:48:14,0007ABD6CC,K7S
2018-06-24 02:52:18,00075D1E39,K7S
2018-06-24 02:55:23,00074FA4F8,K7S
2018-06-24 03:00:45,00074F4107,K7S
2018-06-24 03:06:07,00075D8712,K7S
2018-06-24 03:13:26,0006B3775E,K7S
2018-06-24 03:13:54,0006B2A1D2,K7S
2018-06-24 03:18:38,00074F238E,K7S
2018-06-24 03:20:45,00075D1338,K7S
2018-06-24 03:23:38,0006B3A093,K7S
2018-06-24 03:25:21,0006B2A1D2,K7S
2018-06-24 03:26:27,00074F238E,K7S
2018-06-24 03:26:40,00075D8712,K7S
2018-06-24 03:42:25,00075D1E39,K7S
2018-06-24 03:43:19,00074BE89B,K7S
2018-06-24 03:47:51,00074F4107,K7S
2018-06-24 03:52:29,00075D2562,K7S
2018-06-24 03:54:13,00075D1E39,K7S
2018-06-24 03:57:57,00065EBF3C,K7S
2018-06-24 04:08:59,0007ABD6CC,K7S
2018-06-24 04:12:26,00075D110D,K7S
2018-06-24 04:15:11,0007ABD6CC,K7S
2018-06-24 04:16:42,0006B34FCA,K7S
2018-06-24 04:20:18,000770FBF5,K7S
2018-06-24 04:24:20,0006B3775E,K7S
2018-06-24 04:25:05,000770ED72,K7S
2018-06-24 04:25:41,000770D8F5,K7S
2018-06-24 04:26:20,00074F238E,K7S
2018-06-24 04:26:30,00074F0832,K7S
2018-06-24 04:27:04,0006B294D3,K7S
2018-06-24 04:32:00,00068E1A0D,K7S
2018-06-24 04:38:35,00075D1E39,K7S
2018-06-24 04:48:07,00075D2562,K7S
2018-06-24 04:53:52,00075D2562,K7S
2018-06-24 21:40:15,00074F4107,K7S
2018-06-24 21:41:30,00075D8712,K7S
2018-06-24 21:46:01,00075D1E39,K7S
2018-06-24 21:46:44,0006B35440,K7S
2018-06-24 21:55:19,0006B294D3,K7S
2018-06-24 21:55:40,00065EBF3C,K7S
2018-06-24 21:55:51,00065EBF3C,K7S
2018-06-24 21:56:58,0006B3A093,K7S
2018-06-24 22:00:27,00068E1A0D,K7S
2018-06-24 22:01:11,00068E1A0D,K7S
2018-06-24 22:01:37,0006B3775E,K7S
2018-06-24 22:02:23,00074F238E,K7S
2018-06-24 22:02:29,00074BE89B,K7S
2018-06-24 22:03:25,00075D1338,K7S
2018-06-24 22:03:38,00074FA4F8,K7S
2018-06-24 22:03:43,0007ABD6CC,K7S
2018-06-24 22:06:21,000770FBF5,K7S
2018-06-24 22:08:13,0006B35440,K7S
2018-06-24 22:09:29,0006B2A1D2,K7S
2018-06-24 22:10:36,00075D2562,K7S
2018-06-24 22:11:27,00075D110D,K7S
2018-06-24 22:11:30,000770FBF5,K7S
2018-06-24 22:12:05,00074F0832,K7S
2018-06-24 22:14:12,000770D8F5,K7S
2018-06-24 22:14:21,000770ED72,K7S
2018-06-24 22:22:24,0006B294D3,K7S
2018-06-24 22:22:36,0006B3A093,K7S
2018-06-24 22:22:47,0006B34FCA,K7S
2018-06-24 22:34:59,00075D8712,K7S
2018-06-24 22:38:43,0006B294D3,K7S
2018-06-24 22:43:07,0006B3A093,K7S
2018-06-24 22:45:17,00075D8712,K7S
2018-06-24 23:02:10,0006B3A093,K7S
2018-06-24 23:02:35,0006B35440,K7S
2018-06-24 23:12:09,0007ABD6CC,K7S
2018-06-24 23:22:24,0006B3A093,K7S
2018-06-24 23:25:17,0006B35440,K7S
2018-06-24 23:33:50,0007ABD6CC,K7S
2018-06-24 23:40:23,00075D2562,K7S
2018-06-24 23:42:12,00074F4107,K7S
2018-06-24 23:55:59,0006B35440,K7S
2018-06-24 23:56:10,0006B35440,K7S
2018-06-24 23:56:21,0006B35440,K7S
2018-06-24 23:56:33,00068E1A0D,K7S
2018-06-24 23:56:42,0006B35440,K7S
2018-06-24 23:57:13,0006B35440,K7S
2018-06-24 23:57:24,0006B35440,K7S
2018-06-24 23:58:01,00074F0832,K7S
2018-06-24 23:58:12,00074F4107,K7S
2018-06-25 00:07:09,0006B294D3,K7S
2018-06-25 00:09:14,0007ABD6CC,K7S
2018-06-25 00:11:11,00074FA4F8,K7S
2018-06-25 00:12:18,00074F0832,K7S
2018-06-25 00:18:47,0006B3775E,K7S
2018-06-25 00:19:54,00075D8712,K7S
2018-06-25 00:27:33,00068E1A0D,K7S
2018-06-25 00:28:49,00065EBF3C,K7S
2018-06-25 00:30:03,00075D2562,K7S
2018-06-25 00:31:10,0006B3775E,K7S
2018-06-25 00:33:11,0006B294D3,K7S
2018-06-25 00:35:04,00075D1338,K7S
2018-06-25 00:36:46,00075D1E39,K7S
2018-06-25 00:36:55,00074F4107,K7S
2018-06-25 00:37:12,0007ABD6CC,K7S
2018-06-25 00:37:57,0006B35440,K7S
2018-06-25 00:39:13,00074FA4F8,K7S
2018-06-25 00:45:57,0007ABD6CC,K7S
2018-06-25 00:54:21,00065EBF3C,K7S
2018-06-25 00:57:42,00074F238E,K7S
2018-06-25 00:59:07,00075D1338,K7S
2018-06-25 01:01:52,0006B2A1D2,K7S
2018-06-25 01:05:07,0007ABD6CC,K7S
2018-06-25 01:08:06,00075D1E39,K7S
2018-06-25 01:08:47,00074BE89B,K7S
2018-06-25 01:09:43,00074F238E,K7S
2018-06-25 01:09:56,0006B294D3,K7S
2018-06-25 01:13:38,0006B2A1D2,K7S
2018-06-25 01:26:50,00075D8712,K7S
2018-06-25 01:31:48,00074BE89B,K7S
2018-06-25 01:36:27,0006B3775E,K7S
2018-06-25 01:37:46,0006B294D3,K7S
2018-06-25 01:38:51,0007ABD6CC,K7S
2018-06-25 01:40:32,0006B3A093,K7S
2018-06-25 01:45:39,00075D8712,K7S
2018-06-25 01:52:21,0006B35440,K7S
2018-06-25 01:53:05,0006B3775E,K7S
2018-06-25 01:55:53,0006B35440,K7S
2018-06-25 01:56:05,0006B35440,K7S
2018-06-25 01:56:16,0006B35440,K7S
2018-06-25 01:56:27,0006B35440,K7S
2018-06-25 01:57:52,00075D8712,K7S
2018-06-25 02:03:49,00068E1A0D,K7S
2018-06-25 02:04:51,00074F0832,K7S
2018-06-25 02:07:06,00075D1338,K7S
2018-06-25 02:07:24,0006B3A093,K7S
2018-06-25 02:12:47,00074F0832,K7S
2018-06-25 02:15:59,0006B294D3,K7S
2018-06-25 02:16:56,00074FA4F8,K7S
2018-06-25 02:17:25,0006B294D3,K7S
2018-06-25 02:20:36,00074FA4F8,K7S
2018-06-25 02:20:47,00074FA4F8,K7S
2018-06-25 02:20:59,00074FA4F8,K7S
2018-06-25 02:21:30,00075D1E39,K7S
2018-06-25 02:22:46,0006B294D3,K7S
2018-06-25 02:23:29,00075D1338,K7S
2018-06-25 02:24:45,00075D2562,K7S
2018-06-25 02:27:25,00068E1A0D,K7S
2018-06-25 02:29:55,0006B294D3,K7S
2018-06-25 02:30:32,00075D2562,K7S
2018-06-25 02:34:34,00068E1A0D,K7S
2018-06-25 02:35:14,00074F238E,K7S
2018-06-25 02:37:09,00068E1A0D,K7S
2018-06-25 02:37:20,00068E1A0D,K7S
2018-06-25 02:37:23,00075D2562,K7S
2018-06-25 02:37:31,00068E1A0D,K7S
2018-06-25 02:37:43,00068E1A0D,K7S
2018-06-25 02:37:54,00068E1A0D,K7S
2018-06-25 02:38:05,00068E1A0D,K7S
2018-06-25 02:38:18,00068E1A0D,K7S
2018-06-25 02:39:35,00075D2562,K7S
2018-06-25 02:39:46,00075D2562,K7S
2018-06-25 02:39:57,00075D2562,K7S
2018-06-25 02:40:34,00075D2562,K7S
2018-06-25 02:40:45,00075D2562,K7S
2018-06-25 02:40:57,00075D2562,K7S
2018-06-25 02:41:18,00074F238E,K7S
2018-06-25 02:42:03,0006B294D3,K7S
2018-06-25 02:45:10,0007ABD6CC,K7S
2018-06-25 02:45:15,00074F238E,K7S
2018-06-25 02:47:01,00074F238E,K7S
2018-06-25 02:49:32,0006B294D3,K7S
2018-06-25 02:49:42,00074F238E,K7S
2018-06-25 02:49:58,00074F238E,K7S
2018-06-25 02:50:09,00074F238E,K7S
2018-06-25 02:50:34,00074F238E,K7S
2018-06-25 02:51:00,00075D1E39,K7S
2018-06-25 02:53:05,00075D1E39,K7S
2018-06-25 02:53:21,0006B294D3,K7S
2018-06-25 02:53:51,0006B294D3,K7S
2018-06-25 02:54:03,00074F0832,K7S
2018-06-25 02:54:31,0006B294D3,K7S
2018-06-25 02:59:13,00074F238E,K7S
2018-06-25 02:59:22,00074F0832,K7S
2018-06-25 02:59:25,00074F238E,K7S
2018-06-25 02:59:44,00074F0832,K7S
2018-06-25 02:59:56,00074F0832,K7S
2018-06-25 03:00:07,00074F0832,K7S
2018-06-25 03:00:18,00074F0832,K7S
2018-06-25 03:00:30,00074F0832,K7S
2018-06-25 03:00:41,00074F0832,K7S
2018-06-25 03:00:52,00074F0832,K7S
2018-06-25 03:00:58,0006B35440,K7S
2018-06-25 03:01:40,00074F0832,K7S
2018-06-25 03:01:49,00074F238E,K7S
2018-06-25 03:07:02,0006B35440,K7S
2018-06-25 03:15:39,00065EBF3C,K7S
2018-06-25 03:19:03,00074F238E,K7S
2018-06-25 03:20:50,00074F238E,K7S
2018-06-25 03:22:48,00075D1338,K7S
2018-06-25 03:23:51,0006B2A1D2,K7S
2018-06-25 03:24:02,0006B2A1D2,K7S
2018-06-25 03:24:19,0006B2A1D2,K7S
2018-06-25 03:24:33,0006B2A1D2,K7S
2018-06-25 03:25:17,00075D1338,K7S
2018-06-25 03:25:28,00075D1338,K7S
2018-06-25 03:25:39,00075D1338,K7S
2018-06-25 03:25:50,00075D1338,K7S
2018-06-25 03:26:05,0006B2A1D2,K7S
2018-06-25 03:26:16,0006B2A1D2,K7S
2018-06-25 03:26:27,0006B2A1D2,K7S
2018-06-25 03:26:41,0006B2A1D2,K7S
2018-06-25 03:27:09,00065EBF3C,K7S
2018-06-25 03:27:17,00074F238E,K7S
2018-06-25 03:27:20,00065EBF3C,K7S
2018-06-25 03:27:45,0006B2A1D2,K7S
2018-06-25 03:27:47,00065EBF3C,K7S
2018-06-25 03:27:59,00065EBF3C,K7S
2018-06-25 03:30:08,00074F238E,K7S
2018-06-25 03:33:30,0006B3775E,K7S
2018-06-25 03:33:54,0006B3775E,K7S
2018-06-25 03:36:10,0006B3775E,K7S
2018-06-25 03:38:01,0006B3775E,K7S
2018-06-25 03:38:24,0006B3775E,K7S
2018-06-25 03:38:48,0006B3775E,K7S
2018-06-25 03:38:59,0006B3775E,K7S
2018-06-25 03:48:05,00065EBF3C,K7S
2018-06-25 03:54:33,00074F4107,K7S
2018-06-25 04:26:52,00075D110D,K7S
2018-06-25 04:34:02,00075D110D,K7S
2018-06-25 04:35:13,00075D8712,K7S
2018-06-25 04:42:20,0006B3A093,K7S
2018-06-25 04:49:09,0006B3A093,K7S
2018-06-25 04:49:20,0006B3A093,K7S
2018-06-25 04:49:31,0006B3A093,K7S
2018-06-25 04:49:42,0006B3A093,K7S
2018-06-25 04:49:53,0006B3A093,K7S
2018-06-25 04:50:04,0006B3A093,K7S
2018-06-25 04:50:15,0006B3A093,K7S
2018-06-25 04:50:47,0006B3A093,K7S
2018-06-25 04:51:01,0006B3A093,K7S
2018-06-25 04:51:12,0006B3A093,K7S
2018-06-25 04:51:23,0006B3A093,K7S
2018-06-25 04:51:34,0006B3A093,K7S
2018-06-25 04:53:00,0006B3A093,K7S
2018-06-25 04:54:06,0006B3A093,K7S
2018-06-25 04:54:17,0006B3A093,K7S
2018-06-25 04:54:55,0006B3A093,K7S
2018-06-25 04:55:06,0006B3A093,K7S
2018-06-25 04:55:17,0006B3A093,K7S
2018-06-25 04:55:28,0006B3A093,K7S
2018-06-25 04:55:41,00065EBF3C,K7S
2018-06-25 04:57:02,0006B3A093,K7S
2018-06-25 04:57:13,0006B3A093,K7S
2018-06-25 04:57:24,0006B3A093,K7S
2018-06-25 05:09:25,0006B3A093,K7S
2018-06-25 05:09:40,0006B3A093,K7S
2018-06-25 05:09:51,0006B3A093,K7S
2018-06-25 05:10:03,0006B3A093,K7S
2018-06-25 05:10:14,0006B3A093,K7S
2018-06-25 05:10:25,0006B3A093,K7S
2018-06-25 05:10:36,0006B3A093,K7S
2018-06-25 05:10:47,0006B3A093,K7S
2018-06-25 05:10:58,0006B3A093,K7S
2018-06-25 05:11:09,0006B3A093,K7S
2018-06-26 21:40:25,00065EBF3C,K21
2018-06-26 21:40:36,00065EBF3C,K21
2018-06-26 21:41:08,00074F238E,K21
2018-06-26 21:41:15,00065EBF3C,K21
2018-06-26 21:41:59,00075D1338,K21
2018-06-26 21:45:15,0007ABD6CC,K21
2018-06-26 21:45:20,00075D2562,K21
2018-06-26 21:45:25,0006B35440,K21
2018-06-26 21:46:46,00068E1A0D,K21
2018-06-26 21:47:30,00074F0832,K21
2018-06-26 21:47:38,00075D8712,K21
2018-06-26 21:48:03,0006B3775E,K21
2018-06-26 21:48:39,00074FA4F8,K21
2018-06-26 21:52:00,00074F4107,K21
2018-06-26 21:53:08,0006B2A1D2,K21
2018-06-26 21:53:46,00075D1E39,K21
2018-06-26 21:54:01,00074BE89B,K21
2018-06-26 21:57:46,0006B3A093,K21
2018-06-26 21:58:02,000770FBF5,K21
2018-06-26 21:59:15,0006B34FCA,K21
2018-06-26 22:01:09,000770D8F5,K21
2018-06-26 22:01:54,000770ED72,K21
2018-06-26 22:02:42,0006B294D3,K21
2018-06-26 22:06:26,00075D110D,K21
2018-06-26 22:51:05,00074F4107,K21
2018-06-26 23:06:36,00074F4107,K21
2018-06-26 23:07:59,00068E1A0D,K21
2018-06-26 23:14:42,00068E1A0D,K21
2018-06-26 23:23:24,00075D1338,K21
2018-06-26 23:24:10,0006B35440,K21
2018-06-26 23:25:57,00075D8712,K21
2018-06-26 23:35:08,00075D1338,K21
2018-06-26 23:35:24,00065EBF3C,K21
2018-06-26 23:37:26,00075D8712,K21
2018-06-26 23:49:09,00065EBF3C,K21
2018-06-26 23:49:27,0006B35440,K21
2018-06-26 23:54:50,0006B294D3,K21
2018-06-26 23:58:01,0006B2A1D2,K21
2018-06-27 00:00:41,00075D8712,K21
2018-06-27 00:00:51,00075D2562,K21
2018-06-27 00:08:08,00074F0832,K21
2018-06-27 00:11:16,0006B3775E,K21
2018-06-27 00:13:39,00074F4107,K21
2018-06-27 00:16:04,0006B3A093,K21
2018-06-27 00:16:47,0006B3775E,K21
2018-06-27 00:18:18,00074F0832,K21
2018-06-27 00:18:25,00074FA4F8,K21
2018-06-27 00:19:11,00075D8712,K21
2018-06-27 00:20:15,0006B2A1D2,K21
2018-06-27 00:24:43,0006B35440,K21
2018-06-27 00:30:02,00075D2562,K21
2018-06-27 00:32:49,00074FA4F8,K21
2018-06-27 00:33:17,0006B294D3,K21
2018-06-27 00:34:56,0006B3A093,K21
2018-06-27 00:38:33,00074F238E,K21
2018-06-27 00:39:26,0006B294D3,K21
2018-06-27 00:39:32,00075D1E39,K21
2018-06-27 00:42:39,00068E1A0D,K21
2018-06-27 00:44:08,00074F4107,K21
2018-06-27 00:49:01,00074F238E,K21
2018-06-27 00:50:07,0006B35440,K21
2018-06-27 00:56:53,00065EBF3C,K21
2018-06-27 00:57:56,00075D1E39,K21
2018-06-27 00:58:17,0006B294D3,K21
2018-06-27 01:00:49,00075D2562,K21
2018-06-27 01:01:14,00075D1338,K21
2018-06-27 01:03:47,00068E1A0D,K21
2018-06-27 01:14:48,0006B3775E,K21
2018-06-27 01:15:48,0006B294D3,K21
2018-06-27 01:17:24,00075D1338,K21
2018-06-27 01:27:28,0006B3775E,K21
2018-06-27 01:31:41,0006B294D3,K21
2018-06-27 01:36:29,0006B2A1D2,K21
2018-06-27 01:40:42,00075D2562,K21
2018-06-27 01:43:49,00075D8712,K21
2018-06-27 01:45:15,00074F0832,K21
2018-06-27 01:49:57,0006B35440,K21
2018-06-27 01:50:54,0007ABD6CC,K21
2018-06-27 01:51:59,00074F0832,K21
2018-06-27 01:59:57,0006B2A1D2,K21
2018-06-27 02:08:08,00074F4107,K21
2018-06-27 02:08:14,0006B3A093,K21
2018-06-27 02:08:25,00075D2562,K21
2018-06-27 02:09:35,00065EBF3C,K21
2018-06-27 02:09:57,0007ABD6CC,K21
2018-06-27 02:13:11,0006B294D3,K21
2018-06-27 02:14:44,00075D1338,K21
2018-06-27 02:17:55,00075D8712,K21
2018-06-27 02:23:13,00075D1E39,K21
2018-06-27 02:29:41,0006B3A093,K21
2018-06-27 02:30:43,00074FA4F8,K21
2018-06-27 02:33:24,00074F4107,K21
2018-06-27 02:34:18,00075D1338,K21
2018-06-27 02:39:04,0007ABD6CC,K21
2018-06-27 02:42:31,0006B35440,K21
2018-06-27 02:45:02,00074F238E,K21
2018-06-27 02:47:19,00068E1A0D,K21
2018-06-27 02:47:46,0006B294D3,K21
2018-06-27 02:48:46,00075D1E39,K21
2018-06-27 02:49:16,00065EBF3C,K21
2018-06-27 02:50:13,0007ABD6CC,K21
2018-06-27 02:51:12,00074F238E,K21
2018-06-27 02:51:54,00075D2562,K21
2018-06-27 02:52:39,00074FA4F8,K21
2018-06-27 02:54:30,00074F4107,K21
2018-06-27 02:58:01,00075D8712,K21
2018-06-27 03:00:51,00068E1A0D,K21
2018-06-27 03:01:14,00065EBF3C,K21
2018-06-27 03:01:41,0006B294D3,K21
2018-06-27 03:01:51,0006B3775E,K21
2018-06-27 03:05:29,0006B294D3,K21
2018-06-27 03:09:13,00074F0832,K21
2018-06-27 03:10:54,00074F4107,K21
2018-06-27 03:12:07,00075D8712,K21
2018-06-27 03:12:28,0006B3775E,K21
2018-06-27 03:15:45,0007ABD6CC,K21
2018-06-27 03:16:20,00065EBF3C,K21
2018-06-27 03:24:39,0006B35440,K21
2018-06-27 03:34:12,0007ABD6CC,K21
2018-06-27 03:41:26,0006B2A1D2,K21
2018-06-27 03:46:51,0006B35440,K21
2018-06-27 03:50:33,0006B2A1D2,K21
2018-06-27 04:05:21,00075D1338,K21
2018-06-27 04:22:47,00074F4107,K21
2018-06-27 04:23:14,0007ABD6CC,K21
2018-06-27 04:24:10,00068E1A0D,K21
2018-06-27 04:28:14,00075D110D,K21
2018-06-27 04:31:28,00074FA4F8,K21
2018-06-27 04:34:33,00075D8712,K21
2018-06-27 04:34:39,00074BE89B,K21
2018-06-27 04:37:05,0006B34FCA,K21
2018-06-27 04:38:33,000770ED72,K21
2018-06-27 04:39:50,00074F238E,K21
2018-06-27 04:40:08,000770D8F5,K21
2018-06-27 04:40:14,0006B3A093,K21
2018-06-27 04:43:16,0006B294D3,K21
2018-06-27 04:43:57,0006B2A1D2,K21
2018-06-27 04:44:25,00065EBF3C,K21
2018-06-27 04:44:42,0006B3775E,K21
2018-06-27 04:45:09,00075D1E39,K21
2018-06-27 04:45:59,000770FBF5,K21
2018-06-27 04:52:31,00075D2562,K21
2018-06-27 04:56:44,00074F0832,K21
2018-06-27 05:00:40,0006B35440,K21
2018-06-27 15:57:49,00065EBF3C,K21
2018-06-27 21:38:12,00074F4107,K21
2018-06-27 21:38:24,00074F4107,K21
2018-06-27 21:40:01,00074F4107,K21
2018-06-27 21:40:16,00074F4107,K21
2018-06-27 21:42:55,00074F0832,K21
2018-06-27 21:43:05,0006B3A093,K21
2018-06-27 21:43:12,00068E1A0D,K21
2018-06-27 21:43:14,00075D1338,K21
2018-06-27 21:43:16,0006B294D3,K21
2018-06-27 21:44:30,00075D1E39,K21
2018-06-27 21:45:18,0007ABD6CC,K21
2018-06-27 21:45:25,0006B2A1D2,K21
2018-06-27 21:47:04,00075D2562,K21
2018-06-27 21:47:41,00074F238E,K21
2018-06-27 21:47:43,00065EBF3C,K21
2018-06-27 21:48:51,000770FBF5,K21
2018-06-27 21:49:02,000770FBF5,K21
2018-06-27 21:49:29,00075D8712,K21
2018-06-27 21:49:31,00074FA4F8,K21
2018-06-27 21:51:42,0006B3775E,K21
2018-06-27 21:52:27,00074BE89B,K21
2018-06-27 21:53:56,0006B35440,K21
2018-06-27 21:56:42,0006B34FCA,K21
2018-06-27 21:58:51,000770D8F5,K21
2018-06-27 22:01:18,000770ED72,K21
2018-06-27 22:02:29,00075D110D,K21
2018-06-27 22:49:33,0006B294D3,K21
2018-06-27 22:57:36,0006B294D3,K21
2018-06-27 23:12:57,00065EBF3C,K21
2018-06-27 23:28:46,00065EBF3C,K21
2018-06-27 23:31:01,00075D2562,K21
2018-06-27 23:34:16,00075D1338,K21
2018-06-27 23:35:31,00075D1338,K21
2018-06-27 23:36:39,0006B3A093,K21
2018-06-27 23:43:41,00068E1A0D,K21
2018-06-27 23:44:13,0006B35440,K21
2018-06-27 23:47:58,00074F4107,K21
2018-06-27 23:48:10,0006B3A093,K21
2018-06-27 23:50:40,00075D1338,K21
2018-06-27 23:54:46,00068E1A0D,K21
2018-06-27 23:56:14,00075D2562,K21
2018-06-28 00:00:45,00074F4107,K21
2018-06-28 00:05:12,00075D8712,K21
2018-06-28 00:06:25,0006B294D3,K21
2018-06-28 00:15:04,00075D8712,K21
2018-06-28 00:18:23,00075D1E39,K21
2018-06-28 00:19:31,00074F0832,K21
2018-06-28 00:24:20,0006B294D3,K21
2018-06-28 00:24:24,0006B35440,K21
2018-06-28 00:25:44,00074FA4F8,K21
2018-06-28 00:27:59,00074F0832,K21
2018-06-28 00:33:39,0006B2A1D2,K21
2018-06-28 00:36:12,0006B3775E,K21
2018-06-28 00:39:49,00075D1E39,K21
2018-06-28 00:42:04,0006B2A1D2,K21
2018-06-28 00:42:32,00074FA4F8,K21
2018-06-28 00:43:32,0006B3775E,K21
2018-06-28 00:48:16,0007ABD6CC,K21
2018-06-28 00:50:22,00075D1338,K21
2018-06-28 00:50:48,0006B35440,K21
2018-06-28 00:52:41,00065EBF3C,K21
2018-06-28 00:56:48,0006B294D3,K21
2018-06-28 00:57:29,0007ABD6CC,K21
2018-06-28 00:59:20,00074F238E,K21
2018-06-28 01:07:05,00074F238E,K21
2018-06-28 01:08:06,00075D1338,K21
2018-06-28 01:09:29,00065EBF3C,K21
2018-06-28 01:12:41,0006B294D3,K21
2018-06-28 01:16:28,00075D2562,K21
2018-06-28 01:19:07,00074F4107,K21
2018-06-28 01:23:00,0006B3A093,K21
2018-06-28 01:25:24,0006B35440,K21
2018-06-28 01:31:11,00074FA4F8,K21
2018-06-28 01:32:38,00068E1A0D,K21
2018-06-28 01:35:07,0006B3A093,K21
2018-06-28 01:36:16,00075D2562,K21
2018-06-28 01:40:07,00074F4107,K21
2018-06-28 01:41:46,00074F0832,K21
2018-06-28 01:42:03,00075D1338,K21
2018-06-28 01:48:01,00068E1A0D,K21
2018-06-28 01:51:00,00074FA4F8,K21
2018-06-28 01:53:10,0006B3775E,K21
2018-06-28 01:54:10,00074F0832,K21
2018-06-28 01:56:32,00075D8712,K21
2018-06-28 01:58:32,00074F4107,K21
2018-06-28 01:58:55,0006B294D3,K21
2018-06-28 02:02:28,0006B2A1D2,K21
2018-06-28 02:03:56,0006B35440,K21
2018-06-28 02:04:27,00065EBF3C,K21
2018-06-28 02:06:24,00075D1338,K21
2018-06-28 02:08:44,0006B3775E,K21
2018-06-28 02:11:57,00075D8712,K21
2018-06-28 02:12:49,0006B294D3,K21
2018-06-28 02:16:30,0007ABD6CC,K21
2018-06-28 02:17:04,00065EBF3C,K21
2018-06-28 02:18:52,0006B2A1D2,K21
2018-06-28 02:22:23,00074F4107,K21
2018-06-28 02:22:42,0007ABD6CC,K21
2018-06-28 02:23:21,00075D2562,K21
2018-06-28 02:28:11,0006B3A093,K21
2018-06-28 02:30:46,00074F0832,K21
2018-06-28 02:33:49,0006B35440,K21
2018-06-28 02:36:36,00074F238E,K21
2018-06-28 02:36:38,00074F4107,K21
2018-06-28 02:45:42,00075D2562,K21
2018-06-28 02:46:10,00074F238E,K21
2018-06-28 02:46:23,0006B3A093,K21
2018-06-28 02:48:15,00074F0832,K21
2018-06-28 02:50:13,00074F4107,K21
2018-06-28 02:52:27,00075D1E39,K21
2018-06-28 02:54:28,00075D8712,K21
2018-06-28 02:58:57,0006B294D3,K21
2018-06-28 03:07:36,00075D8712,K21
2018-06-28 03:07:49,00075D1E39,K21
2018-06-28 03:15:37,0006B294D3,K21
2018-06-28 03:19:32,00065EBF3C,K21
2018-06-28 03:24:32,00074F4107,K21
2018-06-28 03:27:13,00065EBF3C,K21
2018-06-28 03:27:46,00065EBF3C,K21
2018-06-28 03:27:59,00065EBF3C,K21
2018-06-28 03:28:10,00065EBF3C,K21
2018-06-28 03:28:22,00065EBF3C,K21
2018-06-28 03:28:33,00065EBF3C,K21
2018-06-28 03:28:44,00065EBF3C,K21
2018-06-28 03:28:55,00065EBF3C,K21
2018-06-28 03:29:06,00065EBF3C,K21
2018-06-28 03:30:54,00074FA4F8,K21
2018-06-28 03:33:40,0006B3A093,K21
2018-06-28 03:34:33,0006B35440,K21
2018-06-28 03:44:52,00075D8712,K21
2018-06-28 03:45:24,00074F4107,K21
2018-06-28 03:45:38,0006B3A093,K21
2018-06-28 03:50:15,00074FA4F8,K21
2018-06-28 03:52:53,00075D8712,K21
2018-06-28 03:57:05,00074F0832,K21
2018-06-28 04:03:14,0006B35440,K21
2018-06-28 04:04:51,00074F0832,K21
2018-06-28 04:20:16,00068E1A0D,K21
2018-06-28 04:24:39,00075D1338,K21
2018-06-28 04:28:33,0006B2A1D2,K21
2018-06-28 04:32:28,00074F238E,K21
2018-06-28 04:33:37,0006B3775E,K21
2018-06-28 04:33:55,00074FA4F8,K21
2018-06-28 04:36:15,0006B34FCA,K21
2018-06-28 04:37:13,0006B3A093,K21
2018-06-28 04:39:40,0006B294D3,K21
2018-06-28 04:43:29,00074F4107,K21
2018-06-28 04:43:38,00075D110D,K21
2018-06-28 04:44:24,00075D1E39,K21
2018-06-28 04:44:57,00075D8712,K21
2018-06-28 04:46:02,00074BE89B,K21
2018-06-28 04:46:10,000770D8F5,K21
2018-06-28 04:49:06,00075D2562,K21
2018-06-28 04:49:16,000770ED72,K21
2018-06-28 04:53:40,00074F0832,K21
2018-06-28 05:02:49,0006B35440,K21
2018-06-28 21:26:54,00074F0832,K21
2018-06-28 21:28:41,00074F0832,K21
2018-06-28 21:35:50,00075D8712,K21
2018-06-28 21:36:51,00074F4107,K21
2018-06-28 21:37:14,00074FA4F8,K21
2018-06-28 21:38:46,00065EBF3C,K9S
2018-06-28 21:39:14,0006B2A1D2,K21
2018-06-28 21:39:18,00074F238E,K21
2018-06-28 21:39:35,00068E1A0D,K21
2018-06-28 21:39:52,00075D1E39,K21
2018-06-28 21:40:47,0006B3A093,K21
2018-06-28 21:42:41,00075D2562,K21
2018-06-28 21:43:26,00075D1338,K21
2018-06-28 21:45:23,0006B3775E,K21
2018-06-28 21:50:33,0006B35440,K21
2018-06-28 21:51:21,000770D8F5,K21
2018-06-28 21:51:32,000770D8F5,K21
2018-06-28 21:53:02,0006B294D3,K21
2018-06-28 21:56:33,00074BE89B,K21
2018-06-28 22:00:51,00075D110D,K21
2018-06-28 22:02:21,000770ED72,K21
2018-06-28 22:03:28,0006B34FCA,K21
2018-06-28 22:03:58,000770FBF5,K9S
2018-06-28 22:22:47,0006B3A093,K9S
2018-06-28 22:22:58,0006B3A093,K9S
2018-06-28 22:36:01,000770ED72,K9S
2018-06-28 22:39:18,000770ED72,K9S
2018-06-28 22:54:35,00075D8712,K9S
2018-06-28 22:57:19,0006B34FCA,K9S
2018-06-28 23:09:27,00065EBF3C,K9S
2018-06-28 23:14:58,00075D8712,K9S
2018-06-28 23:21:26,00065EBF3C,K9S
2018-06-28 23:27:25,0006B35440,K21
2018-06-28 23:28:11,00074F0832,K21
2018-06-28 23:29:24,00075D1338,K21
2018-06-28 23:31:46,00075D2562,K9S
2018-06-28 23:31:51,00074F0832,K21
2018-06-28 23:32:01,00075D2562,K9S
2018-06-28 23:32:47,00068E1A0D,K21
2018-06-28 23:32:50,00074FA4F8,K9S
2018-06-28 23:32:51,00065EBF3C,K9S
2018-06-28 23:34:12,00074FA4F8,K9S
2018-06-28 23:35:43,00074FA4F8,K9S
2018-06-28 23:37:03,00075D2562,K9S
2018-06-28 23:38:05,00075D2562,K21
2018-06-28 23:38:18,00075D1338,K21
2018-06-28 23:39:59,00074FA4F8,K21
2018-06-28 23:41:36,00068E1A0D,K21
2018-06-28 23:42:19,00065EBF3C,K9S
2018-06-28 23:42:34,00074FA4F8,K21
2018-06-28 23:44:43,0006B3775E,K21
2018-06-28 23:44:56,00065EBF3C,K21
2018-06-28 23:49:04,00065EBF3C,K21
2018-06-28 23:49:14,00075D2562,K21
2018-06-28 23:50:27,0006B3775E,K21
2018-06-28 23:54:01,00074F0832,K21
2018-06-28 23:55:36,00074F4107,K21
2018-06-28 23:56:07,0006B3A093,K9S
2018-06-28 23:56:27,0006B3A093,K9S
2018-06-28 23:57:14,00074F0832,K21
2018-06-28 23:57:39,0006B3A093,K21
2018-06-29 00:07:47,00074F4107,K21
2018-06-29 00:08:32,0006B3A093,K21
2018-06-29 00:09:36,00075D1E39,K21
2018-06-29 00:09:48,0006B35440,K21
2018-06-29 00:17:55,00074F238E,K21
2018-06-29 00:20:00,00075D1E39,K21
2018-06-29 00:23:37,00074F238E,K21
2018-06-29 00:25:30,00074F238E,K9S
2018-06-29 00:25:33,00074F0832,K21
2018-06-29 00:30:53,00075D1338,K21
2018-06-29 00:31:18,00074FA4F8,K21
2018-06-29 00:37:51,00075D8712,K9S
2018-06-29 00:37:57,00074F0832,K21
2018-06-29 00:38:30,00074FA4F8,K21
2018-06-29 00:39:19,00075D8712,K21
2018-06-29 00:39:55,0006B2A1D2,K9S
2018-06-29 00:41:31,0006B2A1D2,K9S
2018-06-29 00:41:35,00074FA4F8,K9S
2018-06-29 00:41:52,000770FBF5,K9S
2018-06-29 00:42:50,0006B2A1D2,K21
2018-06-29 00:45:14,0006B3775E,K9S
2018-06-29 00:46:03,0006B3775E,K9S
2018-06-29 00:52:44,0006B34FCA,K9S
2018-06-29 00:53:27,0006B34FCA,K9S
2018-06-29 00:53:51,0006B2A1D2,K21
2018-06-29 00:53:55,0006B294D3,K9S
2018-06-29 00:57:10,00075D2562,K9S
2018-06-29 01:00:27,0006B294D3,K21
2018-06-29 01:01:39,00074FA4F8,K21
2018-06-29 01:02:46,00075D2562,K21
2018-06-29 01:03:53,00075D1338,K21
2018-06-29 01:04:20,00075D1E39,K9S
2018-06-29 01:05:27,00075D1E39,K9S
2018-06-29 01:06:34,0006B3775E,K21
2018-06-29 01:06:53,00075D1E39,K21
2018-06-29 01:08:09,00074FA4F8,K21
2018-06-29 01:08:20,00074FA4F8,K21
2018-06-29 01:10:16,00074FA4F8,K21
2018-06-29 01:11:35,00074FA4F8,K9S
2018-06-29 01:11:57,00074FA4F8,K9S
2018-06-29 01:12:10,00074FA4F8,K9S
2018-06-29 01:12:11,0006B3775E,K21
2018-06-29 01:13:56,0006B3775E,K9S
2018-06-29 01:14:02,00075D8712,K21
2018-06-29 01:14:10,00075D2562,K21
2018-06-29 01:14:28,0006B3775E,K9S
2018-06-29 01:17:49,0006B3775E,K21
2018-06-29 01:18:03,00075D1E39,K21
2018-06-29 01:18:21,00074BE89B,K9S
2018-06-29 01:19:35,00074BE89B,K9S
2018-06-29 01:19:41,0006B294D3,K21
2018-06-29 01:20:55,00074BE89B,K9S
2018-06-29 01:21:41,00075D1E39,K9S
2018-06-29 01:22:05,00074BE89B,K9S
2018-06-29 01:22:47,00075D1E39,K9S
2018-06-29 01:23:29,0006B3775E,K21
2018-06-29 01:24:17,0006B294D3,K9S
2018-06-29 01:24:34,00065EBF3C,K9S
2018-06-29 01:26:13,00074FA4F8,K21
2018-06-29 01:26:33,0006B3775E,K9S
2018-06-29 01:26:46,0006B35440,K21
2018-06-29 01:27:22,0006B294D3,K9S
2018-06-29 01:27:46,0006B3775E,K9S
2018-06-29 01:28:28,00068E1A0D,K21
2018-06-29 01:32:22,00074FA4F8,K21
2018-06-29 01:33:29,00075D2562,K21
2018-06-29 01:34:22,00074FA4F8,K21
2018-06-29 01:34:32,00068E1A0D,K21
2018-06-29 01:37:15,00074FA4F8,K9S
2018-06-29 01:39:39,000770ED72,K9S
2018-06-29 01:40:03,00074FA4F8,K21
2018-06-29 01:40:35,00074F0832,K9S
2018-06-29 01:41:57,0007ABD6CC,K9S
2018-06-29 01:42:31,0007ABD6CC,K9S
2018-06-29 01:43:18,00074FA4F8,K21
2018-06-29 01:45:18,00074FA4F8,K21
2018-06-29 01:50:43,0006B3775E,K9S
2018-06-29 01:51:26,00074FA4F8,K21
2018-06-29 01:51:52,0006B3775E,K21
2018-06-29 01:52:49,0006B3775E,K21
2018-06-29 01:53:24,0006B35440,K21
2018-06-29 01:53:29,00074FA4F8,K21
2018-06-29 01:53:43,00065EBF3C,K21
2018-06-29 01:57:16,00075D2562,K21
2018-06-29 01:58:02,00074F238E,K9S
2018-06-29 01:58:53,00065EBF3C,K21
2018-06-29 01:59:15,0006B3775E,K21
2018-06-29 02:00:10,00074F238E,K21
2018-06-29 02:02:49,00074F4107,K21
2018-06-29 02:02:59,0006B294D3,K21
2018-06-29 02:04:39,0006B3A093,K21
2018-06-29 02:05:08,00065EBF3C,K9S
2018-06-29 02:05:38,00074FA4F8,K9S
2018-06-29 02:06:24,000770ED72,K9S
2018-06-29 02:06:55,00074FA4F8,K21
2018-06-29 02:07:52,0006B294D3,K21
2018-06-29 02:08:43,0006B3775E,K21
2018-06-29 02:09:03,00074F238E,K21
2018-06-29 02:09:11,0006B2A1D2,K9S
2018-06-29 02:10:37,00074FA4F8,K21
2018-06-29 02:10:44,0006B2A1D2,K9S
2018-06-29 02:10:50,0006B3775E,K9S
2018-06-29 02:10:53,0006B294D3,K9S
2018-06-29 02:11:25,00074F238E,K9S
2018-06-29 02:13:04,00074F4107,K21
2018-06-29 02:13:24,0006B2A1D2,K21
2018-06-29 02:14:02,00074FA4F8,K21
2018-06-29 02:15:27,00074FA4F8,K21
2018-06-29 02:15:34,0006B2A1D2,K21
2018-06-29 02:17:16,00074F4107,K21
2018-06-29 02:17:25,0006B294D3,K21
2018-06-29 02:17:29,0006B2A1D2,K21
2018-06-29 02:19:28,00074F4107,K21
2018-06-29 02:19:54,00074F4107,K21
2018-06-29 02:20:06,00074F4107,K21
2018-06-29 02:20:18,00074F4107,K21
2018-06-29 02:20:31,00074F4107,K21
2018-06-29 02:20:35,0006B2A1D2,K21
2018-06-29 02:20:53,0006B294D3,K21
2018-06-29 02:21:27,00074FA4F8,K21
2018-06-29 02:22:05,00075D1338,K21
2018-06-29 02:23:29,0006B2A1D2,K9S
2018-06-29 02:23:47,0006B2A1D2,K9S
2018-06-29 02:24:48,0006B2A1D2,K21
2018-06-29 02:25:10,00074FA4F8,K21
2018-06-29 02:26:30,0006B294D3,K21
2018-06-29 02:29:10,00074FA4F8,K21
2018-06-29 02:29:15,0006B2A1D2,K21
2018-06-29 02:30:38,0006B294D3,K21
2018-06-29 02:30:49,0006B294D3,K21
2018-06-29 02:31:08,0006B294D3,K21
2018-06-29 02:31:19,0006B294D3,K21
2018-06-29 02:31:30,0006B294D3,K21
2018-06-29 02:31:41,0006B294D3,K21
2018-06-29 02:32:20,0006B3A093,K21
2018-06-29 02:34:05,0006B3A093,K9S
2018-06-29 02:34:59,0006B3A093,K9S
2018-06-29 02:35:12,0006B294D3,K9S
2018-06-29 02:37:59,00075D1338,K21
2018-06-29 02:42:33,0006B35440,K21
2018-06-29 02:46:13,00075D1338,K21
2018-06-29 02:51:17,00068E1A0D,K21
2018-06-29 02:51:59,00075D2562,K9S
2018-06-29 02:53:11,00075D2562,K21
2018-06-29 02:56:14,00075D8712,K21
2018-06-29 02:58:28,00075D1E39,K21
2018-06-29 03:01:43,00075D2562,K21
2018-06-29 03:02:48,00068E1A0D,K21
2018-06-29 03:06:44,00075D8712,K21
2018-06-29 03:07:14,00075D1E39,K21
2018-06-29 03:07:54,00075D1338,K21
2018-06-29 03:09:27,00074F0832,K9S
2018-06-29 03:10:06,00075D8712,K9S
2018-06-29 03:16:31,00075D110D,K9S
2018-06-29 03:17:09,00075D110D,K9S
2018-06-29 03:18:05,00075D110D,K9S
2018-06-29 03:22:57,00074F0832,K9S
2018-06-29 03:28:04,0006B35440,K21
2018-06-29 03:29:42,0006B35440,K9S
2018-06-29 03:30:58,0006B35440,K9S
2018-06-29 03:34:29,00074F238E,K21
2018-06-29 03:35:14,0006B3A093,K9S
2018-06-29 03:38:42,0006B3A093,K21
2018-06-29 03:41:32,00074F238E,K21
2018-06-29 03:42:42,00074F238E,K9S
2018-06-29 03:45:55,0006B3A093,K21
2018-06-29 03:47:41,00074F0832,K21
2018-06-29 03:48:38,0006B3A093,K21
2018-06-29 03:49:42,00074F0832,K21
2018-06-29 03:53:23,0006B3A093,K21
2018-06-29 04:00:33,00075D1338,K21
2018-06-29 04:13:55,00074F0832,K21
2018-06-29 04:14:14,00074F0832,K21
2018-06-29 04:15:41,00074F0832,K21
2018-06-29 04:16:23,00074F0832,K21
2018-06-29 04:16:51,00074F0832,K21
2018-06-29 04:17:11,00074F0832,K21
2018-06-29 04:17:23,00074F0832,K21
2018-06-29 04:17:56,00074F0832,K21
2018-06-29 04:18:12,00074F0832,K21
2018-06-29 04:18:35,00074F0832,K21
2018-06-29 04:19:07,00074F0832,K21
2018-06-29 04:19:31,00074F0832,K21
2018-06-29 04:20:35,00074F0832,K21
2018-06-29 04:20:46,00074F0832,K21
2018-06-29 04:25:45,00074F0832,K21
2018-06-29 04:32:44,00065EBF3C,K9S
2018-06-29 04:35:02,000770D8F5,K9S
2018-06-29 04:35:14,000770D8F5,K9S
2018-06-29 04:35:25,000770D8F5,K9S
2018-06-29 04:35:36,000770D8F5,K9S
2018-06-29 04:35:47,000770D8F5,K9S
2018-06-29 04:38:06,00075D1338,K21
2018-06-29 04:43:06,00075D1E39,K9S
2018-06-29 04:43:18,00075D1338,K21
2018-06-29 04:43:25,00075D1E39,K9S
2018-06-29 04:44:54,00075D110D,K9S
2018-06-29 04:45:20,00075D1E39,K21
2018-06-29 04:45:46,00065EBF3C,K9S
2018-06-29 04:48:40,000770FBF5,K9S
2018-06-29 04:49:11,00075D110D,K21
2018-06-29 04:52:09,0006B3A093,K21
2018-06-29 04:52:54,000770D8F5,K21
2018-06-29 04:53:10,0007ABD6CC,K21
2018-06-29 04:53:14,0006B34FCA,K21
2018-06-29 04:53:24,000770FBF5,K21
2018-06-29 04:53:41,0007ABD6CC,K21
2018-06-29 04:55:05,0007ABD6CC,K9S
2018-06-29 04:59:07,0006B294D3,K21
2018-06-29 05:01:02,000770ED72,K21
2018-06-29 05:01:03,0007ABD6CC,K9S
2018-06-29 05:04:05,00075D8712,K21
2018-06-29 05:04:12,0006B2A1D2,K21
2018-06-29 05:06:33,00075D2562,K21
2018-06-29 05:06:55,00074F0832,K21
2018-06-29 05:06:58,00068E1A0D,K21
2018-06-29 05:07:12,00074F238E,K21
2018-06-29 05:07:18,0006B35440,K21
2018-06-29 05:08:59,00065EBF3C,K9S
2018-06-29 05:09:18,0006B3775E,K21
2018-06-29 13:04:15,000770D8F5,K21
2018-06-29 13:05:35,000770D8F5,K21
2018-06-29 13:05:46,000770D8F5,K21
2018-06-29 13:08:57,000770D8F5,K21
2018-06-29 21:34:12,0006B35440,K21
2018-06-29 21:34:30,00075D2562,K21
2018-06-29 21:34:48,0006B35440,K21
2018-06-29 21:35:12,00075D2562,K21
2018-06-29 21:37:25,0006B294D3,K21
2018-06-29 21:39:18,00075D8712,K21
2018-06-29 21:41:10,00075D8712,K21
2018-06-29 21:41:18,00068E1A0D,K21
2018-06-29 21:43:08,00074F238E,K21
2018-06-29 21:43:19,00074F238E,K21
2018-06-29 21:44:10,0006B3775E,K21
2018-06-29 21:44:39,0006B3A093,K21
2018-06-29 21:44:50,0006B3A093,K21
2018-06-29 21:45:01,0006B3A093,K21
2018-06-29 21:45:04,0006B2A1D2,K21
2018-06-29 21:45:16,00074F4107,K9S
2018-06-29 21:47:01,00075D2562,K9S
2018-06-29 21:47:11,00065EBF3C,K9S
2018-06-29 21:47:23,00065EBF3C,K9S
2018-06-29 21:48:27,00065EBF3C,K9S
2018-06-29 21:49:16,00075D8712,K9S
2018-06-29 21:53:16,00075D1338,K21
2018-06-29 21:53:20,00075D1E39,K21
2018-06-29 21:53:58,0006B2A1D2,K9S
2018-06-29 21:55:12,0006B2A1D2,K9S
2018-06-29 21:56:41,00075D110D,K21
2018-06-29 21:57:30,0006B34FCA,K21
2018-06-29 21:59:23,000770FBF5,K21
2018-06-29 22:01:09,000770D8F5,K21
2018-06-29 22:05:46,000770ED72,K21
2018-06-29 22:36:01,00074F238E,K9S
2018-06-29 22:39:35,00075D8712,K9S
2018-06-29 22:45:58,00074F4107,K9S
2018-06-29 22:50:43,0006B3A093,K9S
2018-06-29 22:51:43,00075D1338,K21
2018-06-29 22:55:10,0006B3A093,K21
2018-06-29 22:56:38,00075D1338,K21
2018-06-29 22:57:52,0006B3A093,K21
2018-06-29 22:58:13,0006B294D3,K21
2018-06-29 23:02:26,00075D2562,K21
2018-06-29 23:02:35,0006B294D3,K21
2018-06-29 23:02:46,0006B294D3,K21
2018-06-29 23:02:57,0006B294D3,K21
2018-06-29 23:03:08,0006B294D3,K21
2018-06-29 23:03:19,0006B294D3,K21
2018-06-29 23:08:50,00075D2562,K21
2018-06-29 23:12:16,00075D2562,K9S
2018-06-29 23:15:42,00074F0832,K21
2018-06-29 23:16:12,0006B2A1D2,K9S
2018-06-29 23:16:35,0006B2A1D2,K9S
2018-06-29 23:17:50,00075D8712,K21
2018-06-29 23:19:16,00074F0832,K21
2018-06-29 23:23:41,0006B2A1D2,K21
2018-06-29 23:24:15,0006B2A1D2,K21
2018-06-29 23:25:35,00068E1A0D,K21
2018-06-29 23:28:30,00068E1A0D,K21
2018-06-29 23:32:01,00075D1338,K21
2018-06-29 23:32:16,00068E1A0D,K21
2018-06-29 23:34:32,00068E1A0D,K21
2018-06-29 23:36:08,00075D1338,K21
2018-06-29 23:38:05,00068E1A0D,K21
2018-06-29 23:38:24,0006B34FCA,K9S
2018-06-29 23:39:26,0006B34FCA,K9S
2018-06-29 23:40:15,00074F238E,K21
2018-06-29 23:43:40,00074F238E,K21
2018-06-29 23:44:41,0006B294D3,K21
2018-06-29 23:46:48,0006B294D3,K21
2018-06-29 23:47:07,0006B294D3,K21
2018-06-29 23:48:59,00074F238E,K21
2018-06-29 23:51:18,0006B294D3,K21
2018-06-29 23:51:35,00074F238E,K21
2018-06-29 23:53:06,0006B294D3,K21
2018-06-29 23:53:11,00074F0832,K21
2018-06-29 23:53:34,0006B3775E,K21
2018-06-29 23:53:41,0006B3A093,K9S
2018-06-29 23:55:39,00074F0832,K21
2018-06-29 23:55:43,0006B3775E,K21
2018-06-29 23:55:56,0006B3775E,K21
2018-06-29 23:56:05,00075D2562,K21
2018-06-29 23:56:36,0006B3A093,K21
2018-06-29 23:56:45,0006B3775E,K21
2018-06-29 23:57:01,00075D1E39,K21
2018-06-29 23:57:07,00074F238E,K21
2018-06-29 23:58:02,00074F0832,K21
2018-06-29 23:59:22,00074F0832,K21
2018-06-29 23:59:36,00074F0832,K21
2018-06-29 23:59:47,00074F0832,K21
2018-06-29 23:59:58,00074F0832,K21
2018-06-30 00:00:00,0006B3A093,K21
2018-06-30 00:00:09,00074F0832,K21
2018-06-30 00:00:19,00075D1E39,K21
2018-06-30 00:00:20,00074F0832,K21
2018-06-30 00:00:32,00074F0832,K21
2018-06-30 00:00:47,00074F0832,K21
2018-06-30 00:00:53,00074F238E,K21
2018-06-30 00:01:04,00074F0832,K21
2018-06-30 00:02:16,0006B3775E,K9S
2018-06-30 00:02:58,0006B294D3,K21
2018-06-30 00:03:58,0006B294D3,K21
2018-06-30 00:06:14,00075D2562,K9S
2018-06-30 00:07:30,00065EBF3C,K9S
2018-06-30 00:14:21,0006B35440,K9S
2018-06-30 00:14:25,00075D2562,K9S
2018-06-30 00:14:54,0006B35440,K9S
2018-06-30 00:15:07,0006B35440,K9S
2018-06-30 00:17:11,00074F238E,K21
2018-06-30 00:19:12,00065EBF3C,K9S
2018-06-30 00:22:19,00074F238E,K21
2018-06-30 00:28:57,00075D8712,K21
2018-06-30 00:29:13,00075D8712,K21
2018-06-30 00:31:06,00075D8712,K21
2018-06-30 00:35:41,0006B294D3,K21
2018-06-30 00:36:18,0006B294D3,K21
2018-06-30 00:36:34,0006B294D3,K21
2018-06-30 00:36:45,0006B294D3,K21
2018-06-30 00:36:56,0006B294D3,K21
2018-06-30 00:38:40,0006B3775E,K9S
2018-06-30 00:39:24,0006B294D3,K9S
2018-06-30 00:40:21,0006B3775E,K9S
2018-06-30 00:41:22,00075D8712,K21
2018-06-30 00:41:33,00075D8712,K21
2018-06-30 00:42:02,00075D8712,K21
2018-06-30 00:53:29,0006B294D3,K9S
2018-06-30 00:54:18,00075D8712,K9S
2018-06-30 01:16:59,0006B294D3,K9S
2018-06-30 01:23:08,00075D8712,K9S
2018-06-30 01:41:07,00074FA4F8,K9S
2018-06-30 01:41:38,0006B294D3,K9S
2018-06-30 01:42:01,00065EBF3C,K9S
2018-06-30 01:42:23,00068E1A0D,K9S
2018-06-30 01:43:08,00065EBF3C,K9S
2018-06-30 01:53:21,00075D8712,K9S
2018-06-30 01:54:56,00074F4107,K9S
2018-06-30 02:07:29,00075D1E39,K9S
2018-06-30 02:07:40,00075D1E39,K9S
2018-06-30 02:10:29,00075D110D,K9S
2018-06-30 02:10:43,00075D110D,K9S
2018-06-30 02:11:50,00075D110D,K9S
2018-06-30 02:12:06,00075D110D,K9S
2018-06-30 02:12:18,00075D110D,K9S
2018-06-30 02:13:48,000770ED72,K9S
2018-06-30 02:18:22,00075D2562,K9S
2018-06-30 02:23:21,00074F4107,K9S
2018-06-30 02:29:06,00075D2562,K9S
2018-06-30 02:33:51,00075D2562,K9S
2018-06-30 02:36:44,0006B3A093,K9S
2018-06-30 02:47:15,00075D8712,K9S
2018-06-30 02:47:39,00074F4107,K9S
2018-06-30 03:01:23,00074F4107,K9S
2018-06-30 03:02:12,00075D8712,K9S
2018-06-30 03:02:22,00074F4107,K9S
2018-06-30 03:04:56,0006B294D3,K9S
2018-06-30 03:04:59,00075D1E39,K9S
2018-06-30 03:05:39,00075D1E39,K9S
2018-06-30 03:10:53,0006B294D3,K9S
2018-06-30 03:11:26,00075D2562,K9S
2018-06-30 03:12:25,000770FBF5,K9S
2018-06-30 03:20:01,00075D8712,K9S
2018-06-30 03:20:12,0007ABD6CC,K9S
2018-06-30 03:21:03,00074F238E,K9S
2018-06-30 03:21:12,00075D8712,K9S
2018-06-30 03:21:47,0007ABD6CC,K9S
2018-06-30 03:26:48,00075D1E39,K9S
2018-06-30 03:36:49,00075D2562,K9S
2018-06-30 03:43:21,00075D2562,K9S
2018-06-30 03:43:40,00075D2562,K9S
2018-06-30 03:45:14,0006B3A093,K9S
2018-06-30 04:46:15,0007ABD6CC,K9S
2018-06-30 04:50:37,000770FBF5,K9S
2018-06-30 15:22:57,000770D8F5,K2S
2018-06-30 21:34:59,00065EBF3C,K2S
2018-06-30 21:35:15,00065EBF3C,K2S
2018-06-30 21:35:26,00065EBF3C,K2S
2018-06-30 21:35:37,00065EBF3C,K2S
2018-06-30 21:35:48,00065EBF3C,K2S
2018-06-30 21:35:59,00065EBF3C,K2S
2018-06-30 21:44:23,00074F4107,K2S
2018-06-30 21:44:25,00074F238E,K2S
2018-06-30 21:44:35,0006B3775E,K2S
2018-06-30 21:44:42,00075D8712,K2S
2018-06-30 21:44:48,00075D1E39,K2S
2018-06-30 21:45:58,00074F0832,K2S
2018-06-30 21:46:19,0006B3A093,K2S
2018-06-30 21:48:04,00075D1338,K2S
2018-06-30 21:48:21,00074FA4F8,K2S
2018-06-30 21:48:38,00075D1338,K2S
2018-06-30 21:48:43,0007ABD6CC,K2S
2018-06-30 21:48:50,00075D2562,K2S
2018-06-30 21:48:59,00068E1A0D,K2S
2018-06-30 21:49:41,0006B2A1D2,K2S
2018-06-30 21:52:51,0006B35440,K2S
2018-06-30 21:53:35,0006B2A1D2,K2S
2018-06-30 21:55:11,000770FBF5,K2S
2018-06-30 21:58:00,000770FBF5,K2S
2018-06-30 21:58:49,000770FBF5,K2S
2018-06-30 22:03:40,000770D8F5,K2S
2018-06-30 22:04:45,00075D110D,K2S
2018-06-30 22:05:44,0006B34FCA,K2S
2018-06-30 22:13:16,00074BE89B,K2S
2018-06-30 22:44:00,00075D2562,K2S
2018-06-30 22:58:17,0006B35440,K2S
2018-06-30 22:59:14,00075D1338,K2S
2018-06-30 23:00:33,00075D2562,K2S
2018-06-30 23:08:44,00075D1338,K2S
2018-06-30 23:13:12,0006B35440,K2S
2018-06-30 23:17:03,00075D1E39,K2S
2018-06-30 23:25:53,00068E1A0D,K2S
2018-06-30 23:31:11,00075D1E39,K2S
2018-06-30 23:32:58,00068E1A0D,K2S
2018-06-30 23:33:15,00068E1A0D,K2S
2018-06-30 23:48:56,00075D8712,K2S
2018-06-30 23:57:36,0006B35440,K2S
2018-07-01 00:00:59,00075D8712,K2S
2018-07-01 00:01:42,00075D1338,K2S
2018-07-01 00:07:19,00074F238E,K2S
2018-07-01 00:07:30,00074F238E,K2S
2018-07-01 00:07:35,00075D2562,K2S
2018-07-01 00:10:55,00065EBF3C,K2S
2018-07-01 00:12:16,0006B294D3,K2S
2018-07-01 00:14:04,0006B3A093,K2S
2018-07-01 00:14:48,00075D1338,K2S
2018-07-01 00:15:19,00074F238E,K2S
2018-07-01 00:17:32,00074F238E,K2S
2018-07-01 00:19:34,00074F238E,K2S
2018-07-01 00:20:02,00074F0832,K2S
2018-07-01 00:20:29,00074F238E,K2S
2018-07-01 00:20:50,00074F238E,K2S
2018-07-01 00:21:16,0006B3A093,K2S
2018-07-01 00:21:54,0006B35440,K2S
2018-07-01 00:22:11,0006B294D3,K2S
2018-07-01 00:22:30,00074F238E,K2S
2018-07-01 00:22:34,00075D2562,K2S
2018-07-01 00:24:05,00074F4107,K2S
2018-07-01 00:24:34,00068E1A0D,K2S
2018-07-01 00:31:35,0006B3775E,K2S
2018-07-01 00:32:07,00068E1A0D,K2S
2018-07-01 00:36:55,00075D1E39,K2S
2018-07-01 00:38:08,0006B3775E,K2S
2018-07-01 00:41:42,00074F238E,K2S
2018-07-01 00:47:58,00074FA4F8,K2S
2018-07-01 00:54:24,00075D1E39,K2S
2018-07-01 00:55:36,00074F0832,K2S
2018-07-01 01:04:53,0006B2A1D2,K2S
2018-07-01 01:09:06,00074F0832,K2S
2018-07-01 01:20:08,00075D1338,K2S
2018-07-01 01:40:51,00074F0832,K2S
2018-07-01 01:42:03,00075D1E39,K2S
2018-07-01 01:42:09,00068E1A0D,K2S
2018-07-01 01:46:25,0006B3775E,K2S
2018-07-01 01:47:26,00068E1A0D,K2S
2018-07-01 01:48:19,00075D1338,K2S
2018-07-01 01:53:31,00075D2562,K2S
2018-07-01 01:54:57,00075D1E39,K2S
2018-07-01 01:55:08,00065EBF3C,K2S
2018-07-01 01:57:31,0006B3775E,K2S
2018-07-01 01:58:05,0006B3775E,K2S
2018-07-01 01:58:42,00074F0832,K2S
2018-07-01 02:01:04,0006B3775E,K2S
2018-07-01 02:05:52,0006B3A093,K2S
2018-07-01 02:09:57,00075D2562,K2S
2018-07-01 02:13:44,00065EBF3C,K2S
2018-07-01 02:24:53,00075D8712,K2S
2018-07-01 02:27:52,0006B294D3,K2S
2018-07-01 02:28:08,00074F238E,K2S
2018-07-01 02:38:48,00075D1338,K2S
2018-07-01 02:44:50,00075D1E39,K2S
2018-07-01 02:45:24,00075D2562,K2S
2018-07-01 02:47:14,00074FA4F8,K2S
2018-07-01 02:51:16,0006B294D3,K2S
2018-07-01 02:53:37,00075D1E39,K2S
2018-07-01 02:59:02,0006B3A093,K2S
2018-07-01 03:00:31,000770FBF5,K2S
2018-07-01 03:01:10,00075D2562,K2S
2018-07-01 03:01:15,00075D1338,K2S
2018-07-01 03:01:54,00065EBF3C,K2S
2018-07-01 03:04:46,0006B2A1D2,K2S
2018-07-01 03:12:08,0006B294D3,K2S
2018-07-01 03:12:17,00074F4107,K2S
2018-07-01 03:17:56,00074BE89B,K2S
2018-07-01 03:20:26,00065EBF3C,K2S
2018-07-01 03:21:47,0006B3775E,K2S
2018-07-01 03:26:28,00074F4107,K2S
2018-07-01 03:28:15,0006B294D3,K2S
2018-07-01 03:28:57,0006B3775E,K2S
2018-07-01 03:29:12,00074BE89B,K2S
2018-07-01 03:32:18,00074F238E,K2S
2018-07-01 03:33:28,00074FA4F8,K2S
2018-07-01 03:36:12,0006B35440,K2S
2018-07-01 03:40:02,00074F238E,K2S
2018-07-01 03:57:55,0006B3A093,K2S
2018-07-01 04:08:28,00075D1338,K2S
2018-07-01 04:24:56,00075D110D,K2S
2018-07-01 04:27:21,00075D8712,K2S
2018-07-01 04:27:53,0006B3A093,K2S
2018-07-01 04:31:42,00074F0832,K2S
2018-07-01 04:31:50,000770D8F5,K2S
2018-07-01 04:32:07,0006B34FCA,K2S
2018-07-01 04:33:06,00068E1A0D,K2S
2018-07-01 04:33:27,00065EBF3C,K2S
2018-07-01 04:37:32,0006B294D3,K2S
2018-07-01 04:37:35,00074FA4F8,K2S
2018-07-01 04:38:43,00075D2562,K2S
2018-07-01 04:41:26,0006B3775E,K2S
2018-07-01 04:42:21,00074BE89B,K2S
2018-07-01 04:43:20,00074F238E,K2S
2018-07-01 04:44:15,0007ABD6CC,K2S
2018-07-01 04:48:15,00075D1E39,K2S
2018-07-01 05:00:21,0006B35440,K2S
2018-07-01 21:40:04,0006B294D3,K2S
2018-07-01 21:40:19,0006B294D3,K2S
2018-07-01 21:40:29,00074F4107,K2S
2018-07-01 21:42:43,00074F4107,K2S
2018-07-01 21:45:20,0006B3A093,K2S
2018-07-01 21:46:07,00075D8712,K2S
2018-07-01 21:47:12,0006B3775E,K2S
2018-07-01 21:47:24,0006B3775E,K2S
2018-07-01 21:47:32,00075D8712,K2S
2018-07-01 21:47:40,00074F0832,K2S
2018-07-01 21:47:53,0006B2A1D2,K2S
2018-07-01 21:48:50,0006B2A1D2,K2S
2018-07-01 21:49:43,00065EBF3C,K2S
2018-07-01 21:50:50,00075D1338,K2S
2018-07-01 21:51:11,00075D1338,K2S
2018-07-01 21:51:14,00075D2562,K2S
2018-07-01 21:51:20,00068E1A0D,K2S
2018-07-01 21:51:27,0006B3A093,K2S
2018-07-01 21:51:54,00074FA4F8,K2S
2018-07-01 21:52:23,0006B2A1D2,K2S
2018-07-01 21:53:45,0006B35440,K2S
2018-07-01 21:53:52,00075D1E39,K2S
2018-07-01 21:59:09,000770D8F5,K2S
2018-07-01 22:01:09,000770FBF5,K2S
2018-07-01 22:01:40,000770D8F5,K2S
2018-07-01 22:01:47,0007ABD6CC,K2S
2018-07-01 22:01:49,00074BE89B,K2S
2018-07-01 22:08:32,00075D110D,K2S
2018-07-01 22:11:20,000770ED72,K2S
2018-07-01 22:19:13,0006B34FCA,K2S
2018-07-01 23:10:45,00075D1338,K2S
2018-07-01 23:15:50,00075D1338,K2S
2018-07-01 23:18:41,0006B35440,K2S
2018-07-01 23:27:00,00068E1A0D,K2S
2018-07-01 23:28:30,0006B35440,K2S
2018-07-01 23:31:53,00068E1A0D,K2S
2018-07-01 23:39:13,00075D1E39,K2S
2018-07-01 23:48:12,00075D2562,K2S
2018-07-01 23:49:49,00075D1E39,K2S
2018-07-01 23:52:23,00074F4107,K2S
2018-07-01 23:56:16,00075D1338,K2S
2018-07-02 00:01:00,00065EBF3C,K2S
2018-07-02 00:03:17,00075D2562,K2S
2018-07-02 00:04:56,00075D1338,K2S
2018-07-02 00:19:08,00068E1A0D,K2S
2018-07-02 00:24:55,0006B3A093,K2S
2018-07-02 00:26:09,00068E1A0D,K2S
2018-07-02 00:32:25,0006B3775E,K2S
2018-07-02 00:36:35,00074FA4F8,K2S
2018-07-02 00:36:52,00074F0832,K2S
2018-07-02 00:37:32,0006B2A1D2,K2S
2018-07-02 00:41:09,00074F238E,K2S
2018-07-02 00:45:51,00074F238E,K2S
2018-07-02 00:46:33,00074FA4F8,K2S
2018-07-02 00:47:20,0006B3775E,K2S
2018-07-02 00:47:28,00075D8712,K2S
2018-07-02 00:49:25,0006B2A1D2,K2S
2018-07-02 00:50:09,0006B35440,K2S
2018-07-02 00:52:04,00075D1338,K2S
2018-07-02 00:54:04,00075D8712,K2S
2018-07-02 00:54:10,0006B294D3,K2S
2018-07-02 00:54:40,00075D1E39,K2S
2018-07-02 01:06:21,00065EBF3C,K2S
2018-07-02 01:07:09,00075D1338,K2S
2018-07-02 01:09:04,00075D1E39,K2S
2018-07-02 01:11:36,00065EBF3C,K2S
2018-07-02 01:12:21,0006B294D3,K2S
2018-07-02 01:14:07,00074F238E,K2S
2018-07-02 01:15:38,00075D8712,K2S
2018-07-02 01:23:12,00075D2562,K2S
2018-07-02 01:24:53,00065EBF3C,K2S
2018-07-02 01:25:37,00074F238E,K2S
2018-07-02 01:39:31,00065EBF3C,K2S
2018-07-02 01:40:45,00074F0832,K2S
2018-07-02 01:43:53,00074F4107,K2S
2018-07-02 01:50:39,00075D2562,K2S
2018-07-02 01:54:53,00074F4107,K2S
2018-07-02 01:56:19,0006B3A093,K2S
2018-07-02 02:05:02,00075D1338,K2S
2018-07-02 02:06:33,00065EBF3C,K2S
2018-07-02 02:10:34,0006B3775E,K2S
2018-07-02 02:15:45,00075D1E39,K2S
2018-07-02 02:18:07,00065EBF3C,K2S
2018-07-02 02:19:16,00075D1338,K2S
2018-07-02 02:20:57,0006B3775E,K2S
2018-07-02 02:21:40,00075D8712,K2S
2018-07-02 02:29:13,00068E1A0D,K2S
2018-07-02 02:31:30,00075D1E39,K2S
2018-07-02 02:31:33,00074F238E,K2S
2018-07-02 02:35:32,0006B2A1D2,K2S
2018-07-02 02:38:23,00074FA4F8,K2S
2018-07-02 02:40:35,00068E1A0D,K2S
2018-07-02 02:44:03,0006B294D3,K2S
2018-07-02 02:46:24,00074F238E,K2S
2018-07-02 02:52:28,00075D2562,K2S
2018-07-02 02:54:42,0006B35440,K2S
2018-07-02 02:56:23,0006B3A093,K2S
2018-07-02 03:00:11,00065EBF3C,K2S
2018-07-02 03:07:12,00075D8712,K2S
2018-07-02 03:13:00,00075D1E39,K2S
2018-07-02 03:16:50,0007ABD6CC,K2S
2018-07-02 03:17:20,00075D2562,K2S
2018-07-02 03:20:12,0006B294D3,K2S
2018-07-02 03:20:31,00065EBF3C,K2S
2018-07-02 03:21:54,00075D1E39,K2S
2018-07-02 03:22:27,000770FBF5,K2S
2018-07-02 03:24:44,0006B3775E,K2S
2018-07-02 03:24:49,00074F4107,K2S
2018-07-02 03:25:18,0007ABD6CC,K2S
2018-07-02 03:25:40,00075D1338,K2S
2018-07-02 03:26:47,00075D8712,K2S
2018-07-02 03:30:50,00074F0832,K2S
2018-07-02 03:36:11,0006B3775E,K2S
2018-07-02 03:40:25,00075D1338,K2S
2018-07-02 04:05:35,0006B35440,K2S
2018-07-02 04:14:46,00075D1338,K2S
2018-07-02 04:19:57,00068E1A0D,K2S
2018-07-02 04:22:58,0007ABD6CC,K2S
2018-07-02 04:25:10,00065EBF3C,K2S
2018-07-02 04:25:55,00074FA4F8,K2S
2018-07-02 04:25:59,00075D110D,K2S
2018-07-02 04:26:15,00075D8712,K2S
2018-07-02 04:31:48,000770D8F5,K2S
2018-07-02 04:34:27,0006B294D3,K2S
2018-07-02 04:34:54,00074BE89B,K2S
2018-07-02 04:35:21,00074F238E,K2S
2018-07-02 04:36:37,00075D1E39,K2S
2018-07-02 04:38:10,0006B2A1D2,K2S
2018-07-02 04:40:47,00075D2562,K2S
2018-07-02 04:41:53,0006B3775E,K2S
2018-07-02 19:14:24,0006B294D3,K2S
2018-07-02 19:14:39,0006B294D3,K2S
2018-07-02 19:14:50,0006B294D3,K2S
2018-07-02 21:48:38,00074F4107,K2S
2018-07-02 21:49:46,0006B2A1D2,K2S
2018-07-02 21:49:53,0006B35440,K2S
2018-07-02 21:49:58,00074F238E,K2S
2018-07-02 21:50:09,00065EBF3C,K2S
2018-07-02 21:51:27,00074F0832,K2S
2018-07-02 21:52:29,0006B3A093,K2S
2018-07-02 21:55:10,00075D1E39,K2S
2018-07-02 21:55:19,0006B3775E,K2S
2018-07-02 21:55:28,000770FBF5,K2S
2018-07-02 21:56:05,000770FBF5,K2S
2018-07-02 21:56:08,0007ABD6CC,K2S
2018-07-02 21:56:10,00074FA4F8,K2S
2018-07-02 21:56:51,00068E1A0D,K2S
2018-07-02 21:59:36,00075D2562,K2S
2018-07-02 22:02:12,000770ED72,K2S
2018-07-02 22:02:15,00075D1338,K2S
2018-07-02 22:03:27,0006B294D3,K2S
2018-07-02 22:05:27,0006B34FCA,K2S
2018-07-02 22:10:02,00074BE89B,K2S
2018-07-02 22:15:18,000770D8F5,K2S
2018-07-02 23:38:51,00075D1338,K2S
2018-07-02 23:40:05,00075D1E39,K2S
2018-07-02 23:44:09,00075D1338,K2S
2018-07-02 23:50:08,00075D1E39,K2S
2018-07-02 23:57:49,00065EBF3C,K2S
2018-07-02 23:59:21,00068E1A0D,K2S
2018-07-03 00:03:09,00075D2562,K2S
2018-07-03 00:04:08,0006B35440,K2S
2018-07-03 00:05:42,00068E1A0D,K2S
2018-07-03 00:08:38,00065EBF3C,K2S
2018-07-03 00:16:49,00075D1338,K2S
2018-07-03 00:19:18,00075D2562,K2S
2018-07-03 00:19:59,0006B3A093,K2S
2018-07-03 00:22:27,00075D1338,K2S
2018-07-03 00:26:00,0006B3A093,K2S
2018-07-03 00:29:01,0006B3775E,K2S
2018-07-03 00:29:09,0006B35440,K2S
2018-07-03 00:29:19,0006B3775E,K2S
2018-07-03 00:29:24,0006B35440,K2S
2018-07-03 00:29:30,0006B3775E,K2S
2018-07-03 00:29:38,0006B35440,K2S
2018-07-03 00:29:47,0006B3775E,K2S
2018-07-03 00:29:51,0006B35440,K2S
2018-07-03 00:30:26,0006B35440,K2S
2018-07-03 00:38:09,0006B3775E,K2S
2018-07-03 00:38:50,00074FA4F8,K2S
2018-07-03 00:40:17,00075D1E39,K2S
2018-07-03 00:41:13,00075D8712,K2S
2018-07-03 00:45:10,0006B2A1D2,K2S
2018-07-03 00:47:20,0006B3775E,K2S
2018-07-03 00:47:49,0006B35440,K2S
2018-07-03 00:48:15,00074FA4F8,K2S
2018-07-03 00:49:05,00074F238E,K2S
2018-07-03 00:49:59,00075D2562,K2S
2018-07-03 00:50:41,0006B2A1D2,K2S
2018-07-03 00:51:27,0006B2A1D2,K2S
2018-07-03 00:51:49,00075D1E39,K2S
2018-07-03 00:51:53,0006B2A1D2,K2S
2018-07-03 00:56:40,0006B294D3,K2S
2018-07-03 00:57:19,00074F4107,K2S
2018-07-03 00:58:02,0006B2A1D2,K2S
2018-07-03 00:58:23,00074F0832,K2S
2018-07-03 01:01:43,00075D2562,K2S
2018-07-03 01:02:43,00075D1338,K2S
2018-07-03 01:10:02,0006B2A1D2,K2S
2018-07-03 01:10:09,0006B294D3,K2S
2018-07-03 01:14:50,0006B3A093,K2S
2018-07-03 01:16:25,00075D1338,K2S
2018-07-03 01:38:30,0006B35440,K2S
2018-07-03 01:41:24,00065EBF3C,K2S
2018-07-03 01:51:27,0006B35440,K2S
2018-07-03 01:58:40,00075D1338,K2S
2018-07-03 02:03:39,00068E1A0D,K2S
2018-07-03 02:12:08,00075D1338,K2S
2018-07-03 02:13:01,00068E1A0D,K2S
2018-07-03 02:13:07,00075D1E39,K2S
2018-07-03 02:19:49,00075D1E39,K2S
2018-07-03 02:20:21,00074FA4F8,K2S
2018-07-03 02:20:26,00075D8712,K2S
2018-07-03 02:21:46,00074F238E,K2S
2018-07-03 02:26:03,00075D2562,K2S
2018-07-03 02:27:43,0006B3A093,K2S
2018-07-03 02:28:13,00075D8712,K2S
2018-07-03 02:33:11,0006B35440,K2S
2018-07-03 02:37:06,0006B294D3,K2S
2018-07-03 02:39:24,0006B3775E,K2S
2018-07-03 02:39:33,00065EBF3C,K2S
2018-07-03 02:40:22,0006B2A1D2,K2S
2018-07-03 02:41:00,00075D2562,K2S
2018-07-03 02:46:48,0006B3775E,K2S
2018-07-03 02:51:40,00074F4107,K2S
2018-07-03 02:53:53,00075D1E39,K2S
2018-07-03 02:54:26,0006B294D3,K2S
2018-07-03 02:55:33,00075D1338,K2S
2018-07-03 02:57:07,00074F0832,K2S
2018-07-03 02:58:11,00065EBF3C,K2S
2018-07-03 02:59:42,0006B3A093,K2S
2018-07-03 03:01:19,00074FA4F8,K2S
2018-07-03 03:01:26,0006B2A1D2,K2S
2018-07-03 03:03:33,0006B35440,K2S
2018-07-03 03:07:43,00075D1E39,K2S
2018-07-03 03:14:58,0006B3A093,K2S
2018-07-03 03:16:08,00074FA4F8,K2S
2018-07-03 03:16:42,00075D1338,K2S
2018-07-03 03:20:59,00068E1A0D,K2S
2018-07-03 03:21:09,00075D8712,K2S
2018-07-03 03:27:16,00074F238E,K2S
2018-07-03 03:32:34,00075D8712,K2S
2018-07-03 03:35:17,00068E1A0D,K2S
2018-07-03 03:35:24,0006B3775E,K2S
2018-07-03 03:35:34,00075D8712,K2S
2018-07-03 03:41:19,00075D1E39,K2S
2018-07-03 03:41:37,0006B3775E,K2S
2018-07-03 03:41:54,00074F0832,K2S
2018-07-03 03:42:34,00075D8712,K2S
2018-07-03 03:45:57,00074F4107,K2S
2018-07-03 03:46:55,00075D1E39,K2S
2018-07-03 04:11:01,00075D1338,K2S
2018-07-03 04:20:05,00065EBF3C,K2S
2018-07-03 04:30:04,00075D8712,K2S
2018-07-03 04:35:42,000770D8F5,K2S
2018-07-03 04:37:44,0006B35440,K2S
2018-07-03 04:38:08,0006B294D3,K2S
2018-07-03 04:42:12,0006B2A1D2,K2S
2018-07-03 04:43:17,00068E1A0D,K2S
2018-07-03 04:44:56,0006B3A093,K2S
2018-07-03 04:47:54,0006B2A1D2,K2S
2018-07-03 04:49:31,0006B2A1D2,K2S
2018-07-03 04:51:03,00075D2562,K2S
2018-07-03 04:51:08,00075D1E39,K2S
2018-07-03 04:51:21,0006B2A1D2,K2S
2018-07-03 04:52:28,00075D1338,K2S
2018-07-03 04:54:14,00074FA4F8,K2S
2018-07-03 04:54:26,00074F238E,K2S
2018-07-03 04:54:47,0006B3775E,K2S
2018-07-03 04:57:11,0006B2A1D2,K2S
2018-07-03 05:00:55,00075D1338,K2S
2018-07-03 05:02:16,0006B2A1D2,K2S
2018-07-03 05:02:38,00074FA4F8,K2S
2018-07-03 05:04:01,0006B2A1D2,K2S
2018-07-03 05:04:53,0006B3A093,K2S
2018-07-03 05:05:52,0006B2A1D2,K2S
2018-07-03 05:08:15,0006B2A1D2,K2S
2018-07-03 05:09:46,00074F0832,K2S
2018-07-03 05:10:54,00075D1338,K2S
2018-07-03 05:11:52,0006B2A1D2,K2S
2018-07-03 05:15:47,00075D1338,K2S
2018-07-03 05:20:52,0006B2A1D2,K2S
2018-07-03 05:25:13,0006B3A093,K2S
2018-07-03 05:25:24,0006B3A093,K2S
2018-07-03 05:25:35,0006B3A093,K2S
2018-07-03 05:25:46,0006B3A093,K2S
2018-07-03 05:25:57,0006B3A093,K2S
2018-07-03 05:26:08,0006B3A093,K2S
2018-07-03 05:26:19,0006B3A093,K2S
2018-07-03 05:26:31,0006B3A093,K2S
2018-07-03 21:30:19,00074F4107,K2S
2018-07-03 21:30:30,00074F4107,K2S
2018-07-03 21:31:11,00074F4107,K2S
2018-07-03 21:32:27,00075D2562,K2S
2018-07-03 21:32:41,00075D2562,K2S
2018-07-03 21:33:07,00074F238E,K2S
2018-07-03 21:33:27,00074F238E,K2S
2018-07-03 21:34:12,00074F4107,K2S
2018-07-03 21:35:22,00074F4107,K2S
2018-07-03 21:36:07,00074F0832,K2S
2018-07-03 21:36:18,0006B3775E,K2S
2018-07-03 21:36:53,00068E1A0D,K2S
2018-07-03 21:39:06,0006B35440,K2S
2018-07-03 21:39:25,00065EBF3C,K2S
2018-07-03 21:39:40,00065EBF3C,K2S
2018-07-03 21:39:50,00075D1E39,K2S
2018-07-03 21:40:01,00075D1E39,K2S
2018-07-03 21:40:44,00075D1E39,K2S
2018-07-03 21:40:55,00075D1E39,K2S
2018-07-03 21:41:11,00065EBF3C,K2S
2018-07-03 21:41:22,00065EBF3C,K2S
2018-07-03 21:41:25,0006B294D3,K2S
2018-07-03 21:41:29,0006B35440,K2S
2018-07-03 21:42:48,00075D8712,K2S
2018-07-03 21:46:20,00075D1338,K2S
2018-07-03 21:50:20,00074FA4F8,K2S
2018-07-03 21:51:08,0006B2A1D2,K2S
2018-07-03 21:51:40,0006B2A1D2,K2S
2018-07-03 21:53:13,000770D8F5,K2S
2018-07-03 21:53:58,00074FA4F8,K2S
2018-07-03 22:23:25,0006B2A1D2,K2S
2018-07-03 22:23:36,0006B2A1D2,K2S
2018-07-03 22:24:04,0006B2A1D2,K2S
2018-07-03 22:28:16,0006B3A093,K2S
2018-07-03 22:37:11,00075D2562,K2S
2018-07-03 22:41:09,00075D2562,K2S
2018-07-03 22:53:07,00075D1338,K2S
2018-07-03 22:55:54,00075D1338,K2S
2018-07-03 23:11:35,00075D2562,K2S
2018-07-03 23:14:53,00075D2562,K2S
2018-07-03 23:23:35,00074F4107,K2S
2018-07-03 23:35:10,00075D1E39,K2S
2018-07-03 23:35:26,00075D1E39,K2S
2018-07-03 23:36:04,00075D1338,K2S
2018-07-03 23:36:49,00075D2562,K2S
2018-07-03 23:38:32,00075D1338,K2S
2018-07-03 23:38:43,00075D1338,K2S
2018-07-03 23:38:54,00075D1338,K2S
2018-07-03 23:39:05,00075D1338,K2S
2018-07-03 23:39:16,00075D1338,K2S
2018-07-03 23:39:27,00075D1338,K2S
2018-07-03 23:41:21,00075D1E39,K2S
2018-07-03 23:44:59,00068E1A0D,K2S
2018-07-03 23:46:10,00065EBF3C,K2S
2018-07-03 23:46:39,00068E1A0D,K2S
2018-07-03 23:48:05,0006B35440,K2S
2018-07-03 23:53:28,0006B35440,K2S
2018-07-03 23:53:39,0006B35440,K2S
2018-07-03 23:53:50,0006B35440,K2S
2018-07-03 23:54:01,0006B35440,K2S
2018-07-03 23:54:12,0006B35440,K2S
2018-07-03 23:54:23,0006B35440,K2S
2018-07-03 23:55:35,00074F238E,K2S
2018-07-03 23:56:24,0006B294D3,K2S
2018-07-03 23:57:53,0006B294D3,K2S
2018-07-04 00:00:58,00074F0832,K2S
2018-07-04 00:01:33,0006B3A093,K2S
2018-07-04 00:08:14,0006B3A093,K2S
2018-07-04 00:17:02,0006B3A093,K2S
2018-07-04 00:17:13,0006B3A093,K2S
2018-07-04 00:17:24,0006B3A093,K2S
2018-07-04 00:18:43,0006B3775E,K2S
2018-07-04 00:20:54,0006B3775E,K2S
2018-07-04 00:21:28,00068E1A0D,K2S
2018-07-04 00:24:04,0006B294D3,K2S
2018-07-04 00:25:28,00068E1A0D,K2S
2018-07-04 00:27:32,0006B294D3,K2S
2018-07-04 00:27:45,0006B294D3,K2S
2018-07-04 00:27:56,0006B294D3,K2S
2018-07-04 00:28:20,0006B294D3,K2S
2018-07-04 01:05:50,00074F238E,K2S
2018-07-04 01:39:08,00065EBF3C,K2S
2018-07-04 01:41:51,00075D8712,K2S
2018-07-04 01:42:23,00075D8712,K2S
2018-07-04 01:48:52,0006B35440,K2S
2018-07-04 01:53:17,00065EBF3C,K2S
2018-07-04 01:53:36,00075D1E39,K2S
2018-07-04 01:54:43,00075D1E39,K2S
2018-07-04 01:55:35,0006B35440,K2S
2018-07-04 01:56:19,00075D1E39,K2S
2018-07-04 01:57:30,0006B35440,K2S
2018-07-04 01:57:41,0006B35440,K2S
2018-07-04 02:03:14,00075D1338,K2S
2018-07-04 02:05:23,00075D1E39,K2S
2018-07-04 02:16:38,00074F4107,K2S
2018-07-04 02:17:35,00074F4107,K2S
2018-07-04 02:18:46,00075D1338,K2S
2018-07-04 02:27:25,00074F238E,K2S
2018-07-04 02:27:57,00075D1338,K2S
2018-07-04 02:28:42,00075D1338,K2S
2018-07-04 02:29:15,00075D1338,K2S
2018-07-04 02:29:26,00075D1338,K2S
2018-07-04 02:32:33,0006B294D3,K2S
2018-07-04 02:35:19,00075D1E39,K2S
2018-07-04 02:36:49,0006B294D3,K2S
2018-07-04 02:36:57,00075D1E39,K2S
2018-07-04 02:37:00,0006B294D3,K2S
2018-07-04 02:37:11,0006B294D3,K2S
2018-07-04 02:37:22,0006B294D3,K2S
2018-07-04 02:38:44,0006B294D3,K2S
2018-07-04 02:45:09,00065EBF3C,K2S
2018-07-04 12:26:08,0006B294D3,K1S
2018-07-04 12:26:21,0006B294D3,K1S
2018-07-04 12:34:23,0006B294D3,K1S
2018-07-04 12:34:34,0006B294D3,K1S
2018-07-04 12:35:15,0006B294D3,K1S
2018-07-04 14:53:51,0006B294D3,K1S
2018-07-04 15:02:38,000770D8F5,K1S
2018-07-04 15:02:50,000770D8F5,K1S
2018-07-04 15:03:02,000770D8F5,K1S
2018-07-04 15:03:13,000770D8F5,K1S
2018-07-04 15:03:24,000770D8F5,K1S
2018-07-04 15:03:35,000770D8F5,K1S
2018-07-04 15:03:46,000770D8F5,K1S
2018-07-04 15:03:57,000770D8F5,K1S
2018-07-04 15:04:08,000770D8F5,K1S
2018-07-04 15:04:19,000770D8F5,K1S
2018-07-04 15:04:30,000770D8F5,K1S
2018-07-04 15:04:41,000770D8F5,K1S
2018-07-04 15:04:52,000770D8F5,K1S
2018-07-04 15:05:03,000770D8F5,K1S
2018-07-04 15:05:14,000770D8F5,K1S
2018-07-04 15:05:25,000770D8F5,K1S
2018-07-04 15:05:36,000770D8F5,K1S
2018-07-04 15:05:47,000770D8F5,K1S
2018-07-04 15:05:58,000770D8F5,K1S
2018-07-04 15:06:09,000770D8F5,K1S
2018-07-04 15:06:20,000770D8F5,K1S
2018-07-04 15:06:31,000770D8F5,K1S
2018-07-04 15:06:42,000770D8F5,K1S
2018-07-04 15:06:53,000770D8F5,K1S
2018-07-04 15:07:04,000770D8F5,K1S
2018-07-04 15:07:15,000770D8F5,K1S
2018-07-04 15:07:26,000770D8F5,K1S
2018-07-04 15:07:37,000770D8F5,K1S
2018-07-04 15:07:48,000770D8F5,K1S
2018-07-04 15:07:59,000770D8F5,K1S
2018-07-04 15:08:10,000770D8F5,K1S
2018-07-04 15:08:21,000770D8F5,K1S
2018-07-04 15:08:32,000770D8F5,K1S
2018-07-04 15:08:43,000770D8F5,K1S
2018-07-04 15:08:54,000770D8F5,K1S
2018-07-04 15:09:05,000770D8F5,K1S
2018-07-04 15:09:16,000770D8F5,K1S
2018-07-04 15:09:27,000770D8F5,K1S
2018-07-04 15:09:38,000770D8F5,K1S
2018-07-04 15:09:49,000770D8F5,K1S
2018-07-04 15:10:00,000770D8F5,K1S
2018-07-04 15:10:11,000770D8F5,K1S
2018-07-04 15:10:22,000770D8F5,K1S
2018-07-04 15:10:33,000770D8F5,K1S
2018-07-04 15:10:44,000770D8F5,K1S
2018-07-04 15:10:55,000770D8F5,K1S
2018-07-04 15:11:06,000770D8F5,K1S
2018-07-04 15:11:17,000770D8F5,K1S
2018-07-04 15:11:28,000770D8F5,K1S
2018-07-04 15:11:39,000770D8F5,K1S
2018-07-04 15:11:50,000770D8F5,K1S
2018-07-04 15:12:01,000770D8F5,K1S
2018-07-04 15:12:12,000770D8F5,K1S
2018-07-04 15:12:23,000770D8F5,K1S
2018-07-04 15:12:34,000770D8F5,K1S
2018-07-04 15:12:45,000770D8F5,K1S
2018-07-04 15:12:56,000770D8F5,K1S
2018-07-04 15:13:07,000770D8F5,K1S
2018-07-04 15:13:18,000770D8F5,K1S
2018-07-04 15:13:29,000770D8F5,K1S
2018-07-04 15:13:40,000770D8F5,K1S
2018-07-04 15:13:51,000770D8F5,K1S
2018-07-04 15:14:02,000770D8F5,K1S
2018-07-04 15:14:13,000770D8F5,K1S
2018-07-04 15:14:24,000770D8F5,K1S
2018-07-04 15:14:35,000770D8F5,K1S
2018-07-04 15:14:46,000770D8F5,K1S
2018-07-04 15:14:57,000770D8F5,K1S
2018-07-04 15:15:08,000770D8F5,K1S
2018-07-04 15:15:19,000770D8F5,K1S
2018-07-04 15:15:30,000770D8F5,K1S
2018-07-04 15:15:41,000770D8F5,K1S
2018-07-04 15:15:52,000770D8F5,K1S
2018-07-04 15:16:03,000770D8F5,K1S
2018-07-04 15:16:14,000770D8F5,K1S
2018-07-04 15:16:25,000770D8F5,K1S
2018-07-04 15:16:36,000770D8F5,K1S
2018-07-04 15:16:47,000770D8F5,K1S
2018-07-04 15:16:58,000770D8F5,K1S
2018-07-04 15:17:09,000770D8F5,K1S
2018-07-04 15:17:20,000770D8F5,K1S
2018-07-04 15:17:31,000770D8F5,K1S
2018-07-04 15:17:42,000770D8F5,K1S
2018-07-04 15:17:53,000770D8F5,K1S
2018-07-04 15:18:04,000770D8F5,K1S
2018-07-04 15:18:15,000770D8F5,K1S
2018-07-04 15:18:26,000770D8F5,K1S
2018-07-04 15:18:37,000770D8F5,K1S
2018-07-04 15:18:48,000770D8F5,K1S
2018-07-04 15:18:59,000770D8F5,K1S
2018-07-04 15:19:10,000770D8F5,K1S
2018-07-04 15:19:21,000770D8F5,K1S
2018-07-04 15:19:32,000770D8F5,K1S
2018-07-04 15:19:43,000770D8F5,K1S
2018-07-04 15:19:54,000770D8F5,K1S
2018-07-04 15:20:05,000770D8F5,K1S
2018-07-04 15:20:16,000770D8F5,K1S
2018-07-04 15:20:27,000770D8F5,K1S
2018-07-04 15:20:38,000770D8F5,K1S
2018-07-04 15:20:49,000770D8F5,K1S
2018-07-04 15:21:00,000770D8F5,K1S
2018-07-04 15:21:11,000770D8F5,K1S
2018-07-04 15:21:22,000770D8F5,K1S
2018-07-04 15:21:33,000770D8F5,K1S
2018-07-04 15:21:44,000770D8F5,K1S
2018-07-04 15:21:55,000770D8F5,K1S
2018-07-04 15:22:06,000770D8F5,K1S
2018-07-04 15:22:17,000770D8F5,K1S
2018-07-04 15:22:28,000770D8F5,K1S
2018-07-04 15:22:39,000770D8F5,K1S
2018-07-04 15:22:50,000770D8F5,K1S
2018-07-04 15:23:01,000770D8F5,K1S
2018-07-04 15:23:12,000770D8F5,K1S
2018-07-04 15:23:23,000770D8F5,K1S
2018-07-04 15:23:34,000770D8F5,K1S
2018-07-04 15:23:45,000770D8F5,K1S
2018-07-04 15:23:56,000770D8F5,K1S
2018-07-04 15:24:07,000770D8F5,K1S
2018-07-04 15:24:18,000770D8F5,K1S
2018-07-04 15:24:29,000770D8F5,K1S
2018-07-04 15:24:40,000770D8F5,K1S
2018-07-04 15:24:51,000770D8F5,K1S
2018-07-04 15:25:02,000770D8F5,K1S
2018-07-04 15:25:13,000770D8F5,K1S
2018-07-04 15:25:24,000770D8F5,K1S
2018-07-04 15:25:35,000770D8F5,K1S
2018-07-04 15:25:46,000770D8F5,K1S
2018-07-04 15:25:57,000770D8F5,K1S
2018-07-04 15:26:08,000770D8F5,K1S
2018-07-04 15:26:19,000770D8F5,K1S
2018-07-04 15:26:30,000770D8F5,K1S
2018-07-04 15:26:41,000770D8F5,K1S
2018-07-04 15:26:52,000770D8F5,K1S
2018-07-04 15:27:03,000770D8F5,K1S
2018-07-04 15:27:14,000770D8F5,K1S
2018-07-04 15:27:25,000770D8F5,K1S
2018-07-04 15:27:36,000770D8F5,K1S
2018-07-04 15:27:47,000770D8F5,K1S
2018-07-04 15:27:58,000770D8F5,K1S
2018-07-04 15:28:09,000770D8F5,K1S
2018-07-04 15:28:20,000770D8F5,K1S
2018-07-04 15:28:31,000770D8F5,K1S
2018-07-04 15:28:42,000770D8F5,K1S
2018-07-04 15:28:53,000770D8F5,K1S
2018-07-04 15:29:04,000770D8F5,K1S
2018-07-04 15:29:15,000770D8F5,K1S
2018-07-04 15:29:26,000770D8F5,K1S
2018-07-04 15:29:37,000770D8F5,K1S
2018-07-04 15:29:48,000770D8F5,K1S
2018-07-04 15:29:59,000770D8F5,K1S
2018-07-04 15:30:10,000770D8F5,K1S
2018-07-04 15:30:21,000770D8F5,K1S
2018-07-04 15:30:32,000770D8F5,K1S
2018-07-04 15:30:43,000770D8F5,K1S
2018-07-04 15:30:54,000770D8F5,K1S
2018-07-04 15:31:05,000770D8F5,K1S
2018-07-04 15:31:16,000770D8F5,K1S
2018-07-04 15:31:27,000770D8F5,K1S
2018-07-04 15:31:38,000770D8F5,K1S
2018-07-04 15:31:49,000770D8F5,K1S
2018-07-04 15:32:00,000770D8F5,K1S
2018-07-04 15:32:11,000770D8F5,K1S
2018-07-04 15:32:22,000770D8F5,K1S
2018-07-04 15:32:33,000770D8F5,K1S
2018-07-04 15:32:44,000770D8F5,K1S
2018-07-04 15:32:55,000770D8F5,K1S
2018-07-04 15:33:06,000770D8F5,K1S
2018-07-04 15:33:17,000770D8F5,K1S
2018-07-04 15:33:28,000770D8F5,K1S
2018-07-04 15:33:39,000770D8F5,K1S
2018-07-04 15:33:50,000770D8F5,K1S
2018-07-04 15:34:01,000770D8F5,K1S
2018-07-04 15:34:12,000770D8F5,K1S
2018-07-04 15:34:23,000770D8F5,K1S
2018-07-04 15:34:34,000770D8F5,K1S
2018-07-04 15:34:45,000770D8F5,K1S
2018-07-04 15:34:56,000770D8F5,K1S
2018-07-04 15:35:07,000770D8F5,K1S
2018-07-04 15:35:18,000770D8F5,K1S
2018-07-04 15:35:29,000770D8F5,K1S
2018-07-04 15:35:40,000770D8F5,K1S
2018-07-04 15:35:51,000770D8F5,K1S
2018-07-04 15:36:02,000770D8F5,K1S
2018-07-04 15:36:13,000770D8F5,K1S
2018-07-04 15:36:24,000770D8F5,K1S
2018-07-04 15:36:35,000770D8F5,K1S
2018-07-04 15:36:46,000770D8F5,K1S
2018-07-04 15:36:57,000770D8F5,K1S
2018-07-04 15:37:08,000770D8F5,K1S
2018-07-04 15:37:19,000770D8F5,K1S
2018-07-04 15:37:30,000770D8F5,K1S
2018-07-04 15:37:41,000770D8F5,K1S
2018-07-04 15:37:52,000770D8F5,K1S
2018-07-04 15:38:03,000770D8F5,K1S
2018-07-04 15:38:14,000770D8F5,K1S
2018-07-04 15:38:25,000770D8F5,K1S
2018-07-04 15:38:36,000770D8F5,K1S
2018-07-04 15:38:47,000770D8F5,K1S
2018-07-04 15:41:03,0006B294D3,K1S
2018-07-04 15:41:14,0006B294D3,K1S
2018-07-04 15:41:25,0006B294D3,K1S
2018-07-04 15:41:36,0006B294D3,K1S
2018-07-04 15:41:47,0006B294D3,K1S
2018-07-04 15:41:58,0006B294D3,K1S
2018-07-04 15:42:09,0006B294D3,K1S
2018-07-04 15:42:20,0006B294D3,K1S
2018-07-04 15:42:31,0006B294D3,K1S
2018-07-04 15:42:42,0006B294D3,K1S
2018-07-04 15:42:53,0006B294D3,K1S
2018-07-04 15:43:04,0006B294D3,K1S
2018-07-04 15:43:17,0006B294D3,K1S
2018-07-04 15:43:30,0006B294D3,K1S
2018-07-04 15:43:41,0006B294D3,K1S
2018-07-04 15:43:52,0006B294D3,K1S
2018-07-04 15:44:03,0006B294D3,K1S
2018-07-04 16:03:22,000770D8F5,K1S
2018-07-04 16:03:33,000770D8F5,K1S
2018-07-04 16:05:43,000770D8F5,K1S
2018-07-04 16:05:54,000770D8F5,K1S
2018-07-04 16:06:05,000770D8F5,K1S
2018-07-04 16:06:18,000770D8F5,K1S
2018-07-04 16:06:29,000770D8F5,K1S
2018-07-04 16:06:40,000770D8F5,K1S
2018-07-04 16:06:51,000770D8F5,K1S
2018-07-04 16:07:02,000770D8F5,K1S
2018-07-04 16:07:15,000770D8F5,K1S
2018-07-04 17:13:51,00075D2562,K1S
2018-07-04 17:45:12,00074F4107,K1S
2018-07-04 21:34:14,00075D8712,K1S
2018-07-04 21:35:29,0006B294D3,K1S
2018-07-04 21:35:39,0006B3775E,K1S
2018-07-04 21:35:50,0006B3775E,K1S
2018-07-04 21:36:11,00075D8712,K1S
2018-07-04 21:37:50,00065EBF3C,K1S
2018-07-04 21:38:49,0006B2A1D2,K1S
2018-07-04 21:39:00,0006B2A1D2,K1S
2018-07-04 21:39:05,00068E1A0D,K1S
2018-07-04 21:39:11,0006B2A1D2,K1S
2018-07-04 21:39:40,0006B2A1D2,K1S
2018-07-04 21:40:23,00074F0832,K1S
2018-07-04 21:40:48,00075D1338,K1S
2018-07-04 21:40:55,00075D2562,K1S
2018-07-04 21:41:25,00074F238E,K1S
2018-07-04 21:45:02,00074F4107,K1S
2018-07-04 21:45:12,00075D1E39,K1S
2018-07-04 21:46:46,0006B35440,K1S
2018-07-04 21:47:01,00074FA4F8,K1S
2018-07-04 21:47:41,000770ED72,K1S
2018-07-04 21:48:13,0007ABD6CC,K1S
2018-07-04 21:49:05,0006B3A093,K1S
2018-07-04 21:52:22,000770D8F5,K1S
2018-07-04 22:02:21,0006B34FCA,K1S
2018-07-04 22:02:40,00074BE89B,K1S
2018-07-04 22:03:27,00075D110D,K1S
2018-07-04 22:39:11,00075D1338,K1S
2018-07-04 22:46:35,00075D1338,K1S
2018-07-04 23:20:31,00065EBF3C,K1S
2018-07-04 23:25:30,00075D1338,K1S
2018-07-04 23:27:30,00065EBF3C,K1S
2018-07-04 23:32:15,00075D1338,K1S
2018-07-04 23:35:40,00074F4107,K1S
2018-07-04 23:39:45,0006B3A093,K1S
2018-07-04 23:41:12,00075D1E39,K1S
2018-07-04 23:47:08,0006B294D3,K1S
2018-07-04 23:48:42,00068E1A0D,K1S
2018-07-04 23:57:47,00074F0832,K1S
2018-07-05 00:03:51,00075D1338,K1S
2018-07-05 00:05:42,0006B35440,K1S
2018-07-05 00:05:56,0006B3775E,K1S
2018-07-05 00:07:44,00074F0832,K1S
2018-07-05 00:09:19,0006B3775E,K1S
2018-07-05 00:11:12,00075D1338,K1S
2018-07-05 00:12:39,00074F238E,K1S
2018-07-05 00:13:31,0006B35440,K1S
2018-07-05 00:20:05,00074F238E,K1S
2018-07-05 00:25:16,00075D2562,K1S
2018-07-05 00:31:05,00065EBF3C,K1S
2018-07-05 00:34:04,00075D1E39,K1S
2018-07-05 00:34:34,00075D8712,K1S
2018-07-05 00:35:19,0006B3775E,K1S
2018-07-05 00:37:54,0006B3775E,K1S
2018-07-05 00:39:22,00075D8712,K1S
2018-07-05 00:41:02,00065EBF3C,K1S
2018-07-05 00:43:52,00075D1E39,K1S
2018-07-05 00:44:06,0006B3775E,K1S
2018-07-05 00:49:47,0006B3775E,K1S
2018-07-05 01:01:29,0006B2A1D2,K1S
2018-07-05 01:03:42,0006B3A093,K1S
2018-07-05 01:09:22,0006B3A093,K1S
2018-07-05 01:12:09,00074F4107,K1S
2018-07-05 01:16:20,00075D1338,K1S
2018-07-05 01:21:59,00075D2562,K1S
2018-07-05 01:30:15,00075D1338,K1S
2018-07-05 01:35:46,00075D2562,K1S
2018-07-05 01:52:24,00065EBF3C,K1S
2018-07-05 01:53:09,0006B3775E,K1S
2018-07-05 01:56:26,00075D2562,K1S
2018-07-05 01:58:41,0006B3775E,K1S
2018-07-05 01:58:52,0006B3775E,K1S
2018-07-05 02:02:08,0006B35440,K1S
2018-07-05 02:03:19,0006B294D3,K1S
2018-07-05 02:09:37,00065EBF3C,K1S
2018-07-05 02:11:56,0006B35440,K1S
2018-07-05 02:12:43,0006B3A093,K1S
2018-07-05 02:12:46,0006B3775E,K1S
2018-07-05 02:15:35,00075D8712,K1S
2018-07-05 02:15:49,0006B3775E,K1S
2018-07-05 02:18:08,00075D1E39,K1S
2018-07-05 02:23:55,00074FA4F8,K1S
2018-07-05 02:25:20,00075D1E39,K1S
2018-07-05 02:29:37,00074FA4F8,K1S
2018-07-05 02:41:10,00074F0832,K1S
2018-07-05 02:44:08,0006B2A1D2,K1S
2018-07-05 02:45:28,00074FA4F8,K1S
2018-07-05 02:46:14,00074F0832,K1S
2018-07-05 02:47:36,00074F4107,K1S
2018-07-05 02:51:02,00074F238E,K1S
2018-07-05 02:54:11,0006B2A1D2,K1S
2018-07-05 02:54:49,0006B3A093,K1S
2018-07-05 03:10:06,00075D1338,K1S
2018-07-05 03:11:57,0006B2A1D2,K1S
2018-07-05 03:13:16,00068E1A0D,K1S
2018-07-05 03:22:34,00075D1E39,K1S
2018-07-05 03:23:10,0006B294D3,K1S
2018-07-05 03:30:18,00075D1E39,K1S
2018-07-05 03:32:39,0006B3775E,K1S
2018-07-05 03:37:58,0006B35440,K1S
2018-07-05 03:39:57,0006B3775E,K1S
2018-07-05 03:43:14,00074F4107,K1S
2018-07-05 03:45:36,00075D8712,K1S
2018-07-05 03:48:36,00074F4107,K1S
2018-07-05 03:51:04,00075D2562,K1S
2018-07-05 03:52:22,0006B35440,K1S
2018-07-05 04:18:41,00065EBF3C,K1S
2018-07-05 04:28:34,00075D1338,K1S
2018-07-05 04:30:06,0006B34FCA,K1S
2018-07-05 04:34:55,0006B2A1D2,K1S
2018-07-05 04:36:12,00075D110D,K1S
2018-07-05 04:38:46,0006B294D3,K1S
2018-07-05 04:43:30,000770D8F5,K1S
2018-07-05 04:48:23,0006B3775E,K1S
2018-07-05 04:49:58,0007ABD6CC,K1S
2018-07-05 04:50:06,00074BE89B,K1S
2018-07-05 04:50:57,00075D2562,K1S
2018-07-05 05:12:32,0006B35440,K1S
2018-07-05 05:12:35,0006B294D3,K1S
2018-07-05 05:15:19,0006B294D3,K1S
2018-07-05 14:58:22,0006B294D3,K1S
2018-07-05 22:28:07,0006B35440,K1S
2018-07-05 22:28:20,0006B35440,K1S
2018-07-05 22:28:33,0006B35440,K1S
2018-07-05 22:32:55,0006B35440,K1S
2018-07-05 23:01:10,0006B3A093,K1S
2018-07-05 23:07:25,00074F0832,K1S
2018-07-05 23:07:56,00074F0832,K1S
2018-07-05 23:08:35,00068E1A0D,K1S
2018-07-05 23:08:45,00074F0832,K1S
2018-07-05 23:09:41,00074F0832,K1S
2018-07-05 23:10:03,0006B34FCA,K1S
2018-07-05 23:10:10,0006B3775E,K1S
2018-07-05 23:10:51,0006B294D3,K1S
2018-07-05 23:10:59,00074F4107,K1S
2018-07-05 23:13:13,000770D8F5,K1S
2018-07-05 23:13:23,00074F0832,K1S
2018-07-05 23:13:32,00075D8712,K1S
2018-07-05 23:14:01,0006B2A1D2,K1S
2018-07-05 23:14:50,000770D8F5,K1S
2018-07-05 23:15:09,000770ED72,K1S
2018-07-05 23:15:38,0006B2A1D2,K1S
2018-07-05 23:17:56,00074F238E,K1S
2018-07-05 23:18:03,00075D1338,K1S
2018-07-05 23:18:27,00075D110D,K1S
2018-07-05 23:21:48,00075D1338,K1S
2018-07-05 23:25:21,00075D2562,K1S
2018-07-05 23:26:27,0006B2A1D2,K1S
2018-07-05 23:26:38,0006B2A1D2,K1S
2018-07-05 23:27:15,00074FA4F8,K1S
2018-07-05 23:27:27,00075D1338,K1S
2018-07-05 23:28:19,0007ABD6CC,K1S
2018-07-05 23:28:36,000770FBF5,K1S
2018-07-05 23:28:59,00075D1E39,K1S
2018-07-05 23:29:37,000770D8F5,K1S
2018-07-05 23:44:07,00074BE89B,K1S
2018-07-06 00:33:48,00075D8712,K1S
2018-07-06 00:47:46,00068E1A0D,K1S
2018-07-06 00:53:33,00075D8712,K1S
2018-07-06 01:08:22,00074F4107,K1S
2018-07-06 01:35:15,00075D8712,K1S
2018-07-06 01:41:39,00075D1E39,K1S
2018-07-06 01:48:25,00074F4107,K1S
2018-07-06 01:48:36,00074F4107,K1S
2018-07-06 02:07:23,0006B3A093,K1S
2018-07-06 02:17:22,00074FA4F8,K1S
2018-07-06 02:51:58,000770D8F5,K1S
2018-07-06 04:00:52,00074F4107,K1S
2018-07-06 04:02:30,00075D8712,K1S
2018-07-06 04:54:38,00075D8712,K1S
2018-07-06 21:04:07,00065EBF3C,K1S
2018-07-06 21:12:07,00065EBF3C,K1S
2018-07-06 21:13:11,00065EBF3C,K1S
2018-07-06 21:19:27,00065EBF3C,K1S
2018-07-06 21:27:37,0006B3775E,K1S
2018-07-06 21:27:49,0006B3775E,K1S
2018-07-06 21:28:03,0006B3775E,K1S
2018-07-06 21:29:43,00065EBF3C,K1S
2018-07-06 21:29:44,0006B294D3,K1S
2018-07-06 21:29:55,0006B294D3,K1S
2018-07-06 21:30:06,0006B294D3,K1S
2018-07-06 21:30:47,00065EBF3C,K1S
2018-07-06 21:30:58,00065EBF3C,K1S
2018-07-06 21:31:14,00065EBF3C,K1S
2018-07-06 21:31:35,00074F4107,K1S
2018-07-06 21:32:03,00075D8712,K1S
2018-07-06 21:32:07,00074F4107,K1S
2018-07-06 21:32:22,0006B3775E,K1S
2018-07-06 21:32:32,00075D8712,K1S
2018-07-06 21:32:42,00074F4107,K1S
2018-07-06 21:33:20,0006B3775E,K1S
2018-07-06 21:36:55,00074F4107,K1S
2018-07-06 21:37:05,0006B35440,K1S
2018-07-06 21:44:37,00075D8712,K1S
2018-07-06 21:45:51,00068E1A0D,K1S
2018-07-06 21:47:37,000770D8F5,K1S
2018-07-06 21:48:09,00075D8712,K1S
2018-07-06 22:25:36,00075D1338,K1S
2018-07-06 22:26:28,0006B3A093,K1S
2018-07-06 22:33:21,00075D1338,K1S
2018-07-06 22:38:16,0006B3A093,K1S
2018-07-06 22:48:25,00075D1338,K1S
2018-07-06 22:54:33,00075D2562,K1S
2018-07-06 22:57:24,00074F0832,K1S
2018-07-06 22:57:33,00075D1338,K1S
2018-07-06 22:58:58,00074F0832,K1S
2018-07-06 23:05:47,00075D1E39,K1S
2018-07-06 23:08:11,00074F4107,K1S
2018-07-06 23:09:22,00075D2562,K1S
2018-07-06 23:18:53,00074F4107,K1S
2018-07-06 23:27:21,00065EBF3C,K1S
2018-07-06 23:39:29,00065EBF3C,K1S
2018-07-06 23:44:12,0006B294D3,K1S
2018-07-06 23:50:55,00068E1A0D,K1S
2018-07-06 23:52:58,00074F238E,K1S
2018-07-06 23:59:04,00075D1338,K1S
2018-07-07 00:01:21,00075D8712,K1S
2018-07-07 00:02:27,00075D2562,K1U
2018-07-07 00:02:44,00075D2562,K1S
2018-07-07 00:03:52,00068E1A0D,K1S
2018-07-07 00:04:07,00074F238E,K1S
2018-07-07 00:06:35,0006B3A093,K1S
2018-07-07 00:07:53,00075D1338,K1S
2018-07-07 00:13:34,00075D2562,K1S
2018-07-07 00:14:12,0006B2A1D2,K1S
2018-07-07 00:14:14,00075D8712,K1S
2018-07-07 00:29:14,0006B35440,K1S
2018-07-07 00:30:50,0006B3775E,K1S
2018-07-07 00:34:37,0006B3775E,K1S
2018-07-07 00:48:57,00075D1E39,K1S
2018-07-07 01:00:01,00075D1E39,K1S
2018-07-07 01:08:35,00074F4107,K1S
2018-07-07 01:17:35,00075D1338,K1S
2018-07-07 01:18:16,00074F0832,K1S
2018-07-07 01:18:19,00065EBF3C,K1S
2018-07-07 01:20:43,00075D2562,K1S
2018-07-07 01:29:28,00065EBF3C,K1S
2018-07-07 01:32:00,00075D2562,K1S
2018-07-07 01:32:32,00074F0832,K1S
2018-07-07 01:33:12,00075D1338,K1S
2018-07-07 01:34:23,0006B3A093,K1S
2018-07-07 01:38:16,00068E1A0D,K1S
2018-07-07 01:47:19,0006B3A093,K1S
2018-07-07 01:48:08,0006B3775E,K1S
2018-07-07 01:52:58,0006B294D3,K1S
2018-07-07 01:56:05,0006B3775E,K1S
2018-07-07 02:09:08,00074FA4F8,K1S
2018-07-07 02:10:07,0006B35440,K1S
2018-07-07 02:10:46,00074FA4F8,K1S
2018-07-07 02:11:38,00075D8712,K1S
2018-07-07 02:13:00,00075D2562,K1S
2018-07-07 02:13:02,00074F238E,K1S
2018-07-07 02:18:17,0006B35440,K1S
2018-07-07 02:19:54,00075D8712,K1S
2018-07-07 02:22:19,0006B2A1D2,K1S
2018-07-07 02:23:05,00068E1A0D,K1S
2018-07-07 02:24:38,00068E1A0D,K1S
2018-07-07 02:34:57,00074F238E,K1S
2018-07-07 02:35:16,00065EBF3C,K1S
2018-07-07 02:35:40,0006B2A1D2,K1S
2018-07-07 02:37:47,00074F4107,K1S
2018-07-07 02:38:29,0006B3775E,K1S
2018-07-07 02:43:59,00075D1E39,K1S
2018-07-07 02:44:07,0006B3775E,K1S
2018-07-07 02:48:03,00065EBF3C,K1S
2018-07-07 02:53:35,00075D2562,K1S
2018-07-07 02:59:14,0006B3A093,K1S
2018-07-07 03:10:31,00075D8712,K1S
2018-07-07 03:12:01,00074FA4F8,K1S
2018-07-07 03:29:47,00074F0832,K1S
2018-07-07 03:31:18,00074F4107,K1S
2018-07-07 03:34:40,00074F0832,K1S
2018-07-07 03:52:36,00074F4107,K1S
2018-07-07 04:03:43,00074F4107,K1S
2018-07-07 04:11:04,00075D1338,K1S
2018-07-07 04:19:45,0006B35440,K1S
2018-07-07 04:31:59,0006B3A093,K1S
2018-07-07 04:36:11,00075D110D,K1S
2018-07-07 04:38:38,00065EBF3C,K1S
2018-07-07 04:38:46,00074F238E,K1S
2018-07-07 04:41:10,0006B2A1D2,K1S
2018-07-07 04:42:01,0006B34FCA,K1S
2018-07-07 04:42:21,00075D1E39,K1S
2018-07-07 04:43:27,000770D8F5,K1S
2018-07-07 04:48:11,00074FA4F8,K1S
2018-07-07 04:48:20,00074F0832,K1S
2018-07-07 04:49:23,00075D2562,K1S
2018-07-07 04:49:27,00074BE89B,K1S
2018-07-07 04:50:16,0006B3775E,K1S
2018-07-07 04:57:44,0007ABD6CC,K1S
2018-07-07 05:13:32,00074F4107,K1S
2018-07-07 19:44:27,00065EBF3C,K1S
2018-07-07 21:19:53,0006B2A1D2,K1S
2018-07-07 21:21:09,00065EBF3C,K1S
2018-07-07 21:26:15,00074F0832,K1S
2018-07-07 21:26:26,00074F0832,K1S
2018-07-07 21:26:37,00074F0832,K1S
2018-07-07 21:26:50,00074F0832,K1S
2018-07-07 21:27:56,00074F0832,K1S
2018-07-07 21:28:18,0006B2A1D2,K1S
2018-07-07 21:28:29,0006B2A1D2,K1S
2018-07-07 21:29:04,00065EBF3C,K1S
2018-07-07 21:29:08,00068E1A0D,K1S
2018-07-07 21:29:15,00065EBF3C,K1S
2018-07-07 21:29:36,00065EBF3C,K1S
2018-07-07 21:29:48,00075D1338,K1S
2018-07-07 21:29:55,00068E1A0D,K1S
2018-07-07 21:29:57,0007ABD6CC,K1S
2018-07-07 21:30:02,00074F238E,K1S
2018-07-07 21:31:07,00065EBF3C,K1S
2018-07-07 21:31:18,00065EBF3C,K1S
2018-07-07 21:31:19,00075D8712,K1S
2018-07-07 21:31:29,00065EBF3C,K1S
2018-07-07 21:32:02,0006B294D3,K1S
2018-07-07 21:32:17,00075D8712,K1S
2018-07-07 21:32:22,00065EBF3C,K1S
2018-07-07 21:32:27,0006B3A093,K1S
2018-07-07 21:33:10,00075D1E39,K1S
2018-07-07 21:33:19,00074F238E,K1S
2018-07-07 21:34:04,00074F238E,K1S
2018-07-07 21:34:05,0006B35440,K1S
2018-07-07 21:40:33,00075D2562,K1S
2018-07-07 21:41:07,00074F4107,K1S
2018-07-07 21:45:17,00074FA4F8,K1S
2018-07-07 21:46:46,0006B3775E,K1S
2018-07-07 21:48:58,000770ED72,K1S
2018-07-07 21:49:04,00074BE89B,K1S
2018-07-07 21:50:48,000770FBF5,K1S
2018-07-07 21:51:33,000770FBF5,K1S
2018-07-07 21:55:50,0006B34FCA,K1S
2018-07-07 22:00:48,00075D110D,K1S
2018-07-07 22:04:59,000770D8F5,K1S
2018-07-07 23:12:07,00075D1338,K1S
2018-07-07 23:14:45,00075D1338,K1S
2018-07-07 23:26:58,00075D2562,K1S
2018-07-07 23:30:55,00075D2562,K1S
2018-07-07 23:47:49,00075D1E39,K1S
2018-07-07 23:55:47,00068E1A0D,K1S
2018-07-07 23:56:46,0006B3A093,K1S
2018-07-07 23:57:59,00074F4107,K1S
2018-07-08 00:06:40,00075D1338,K1S
2018-07-08 00:06:46,00074F4107,K1S
2018-07-08 00:07:29,00068E1A0D,K1S
2018-07-08 00:09:12,00075D2562,K1S
2018-07-08 00:12:46,0006B3775E,K1S
2018-07-08 00:12:54,00065EBF3C,K1S
2018-07-08 00:12:55,0006B35440,K1S
2018-07-08 00:15:24,0006B3775E,K1S
2018-07-08 00:20:15,00075D1338,K1S
2018-07-08 00:20:53,0006B35440,K1S
2018-07-08 00:21:04,0006B35440,K1S
2018-07-08 00:23:18,0006B35440,K1S
2018-07-08 00:24:31,00065EBF3C,K1S
2018-07-08 00:27:05,0006B35440,K1S
2018-07-08 00:27:16,0006B35440,K1S
2018-07-08 00:27:27,0006B35440,K1S
2018-07-08 00:27:34,00075D2562,K1S
2018-07-08 00:30:58,0006B35440,K1S
2018-07-08 00:32:49,0006B2A1D2,K1S
2018-07-08 00:37:00,0006B3A093,K1S
2018-07-08 00:38:03,0006B2A1D2,K1S
2018-07-08 00:44:35,0006B35440,K1S
2018-07-08 00:52:08,0006B3A093,K1S
2018-07-08 00:55:38,00075D8712,K1S
2018-07-08 01:09:23,00075D1E39,K1S
2018-07-08 01:13:13,00075D8712,K1S
2018-07-08 01:15:18,00075D1E39,K1S
2018-07-08 01:17:47,00074F238E,K1S
2018-07-08 01:17:57,00075D2562,K1S
2018-07-08 01:22:50,0006B294D3,K1S
2018-07-08 01:27:56,00074F238E,K1S
2018-07-08 01:28:35,00074F4107,K1S
2018-07-08 01:34:07,00075D2562,K1S
2018-07-08 01:36:19,0006B3A093,K1S
2018-07-08 01:37:52,00075D1338,K1S
2018-07-08 01:46:25,0006B2A1D2,K1S
2018-07-08 01:48:44,00068E1A0D,K1S
2018-07-08 01:49:52,0006B2A1D2,K1S
2018-07-08 01:54:32,00075D1338,K1S
2018-07-08 02:00:42,00068E1A0D,K1S
2018-07-08 02:07:17,0006B2A1D2,K1S
2018-07-08 02:17:37,00074F4107,K1S
2018-07-08 02:20:23,0006B35440,K1S
2018-07-08 02:27:09,00074F4107,K1S
2018-07-08 02:39:00,00065EBF3C,K1S
2018-07-08 02:39:22,00065EBF3C,K1S
2018-07-08 02:41:00,0006B35440,K1S
2018-07-08 02:41:17,0006B3775E,K1S
2018-07-08 02:41:37,0006B3775E,K1S
2018-07-08 02:53:07,00074F0832,K1S
2018-07-08 02:55:15,0006B3A093,K1S
2018-07-08 02:56:06,00075D1E39,K1S
2018-07-08 02:56:12,00074F0832,K1S
2018-07-08 02:56:44,00065EBF3C,K1S
2018-07-08 02:59:38,0006B3A093,K1S
2018-07-08 03:00:00,0006B3A093,K1S
2018-07-08 03:00:12,0006B3A093,K1S
2018-07-08 03:00:30,00075D8712,K1S
2018-07-08 03:02:27,0006B3775E,K1S
2018-07-08 03:02:52,00075D2562,K1S
2018-07-08 03:03:01,0006B3A093,K1S
2018-07-08 03:03:12,0006B3A093,K1S
2018-07-08 03:03:24,0006B3A093,K1S
2018-07-08 03:03:53,00074F238E,K1S
2018-07-08 03:06:06,00074F238E,K1S
2018-07-08 03:07:21,00075D2562,K1S
2018-07-08 03:07:37,00074F238E,K1S
2018-07-08 03:08:14,0006B3775E,K1S
2018-07-08 03:08:27,00075D8712,K1S
2018-07-08 03:09:34,00074F4107,K1S
2018-07-08 03:10:41,00075D2562,K1S
2018-07-08 03:12:15,0006B3A093,K1S
2018-07-08 03:13:36,00075D8712,K1S
2018-07-08 03:14:04,00075D2562,K1S
2018-07-08 03:14:58,00074F238E,K1S
2018-07-08 03:15:46,00075D2562,K1S
2018-07-08 03:15:57,00075D2562,K1S
2018-07-08 03:16:19,00075D8712,K1S
2018-07-08 03:17:13,00074F4107,K1S
2018-07-08 03:18:52,0006B2A1D2,K1S
2018-07-08 03:22:02,00068E1A0D,K1S
2018-07-08 03:24:25,00074F4107,K1S
2018-07-08 03:27:31,00074F4107,K1S
2018-07-08 03:27:44,00074F4107,K1S
2018-07-08 03:27:58,00074F4107,K1S
2018-07-08 03:28:01,0006B2A1D2,K1S
2018-07-08 03:28:12,00074F4107,K1S
2018-07-08 03:29:20,0006B2A1D2,K1S
2018-07-08 03:30:23,0006B2A1D2,K1S
2018-07-08 03:33:18,00075D1338,K1S
2018-07-08 03:41:20,00075D1E39,K1S
2018-07-08 03:43:24,00075D1338,K1S
2018-07-08 04:29:57,00075D1338,K1S
2018-07-08 04:41:17,00065EBF3C,K1S
2018-07-08 04:48:07,000770D8F5,K1S
2018-07-08 04:49:55,0006B3775E,K1S
2018-07-08 04:53:24,00075D1338,K1S
2018-07-08 04:53:30,00075D1E39,K1S
2018-07-08 04:55:23,000770D8F5,K1S
2018-07-08 04:56:26,00075D1338,K1S
2018-07-08 21:36:01,00068E1A0D,K4
2018-07-08 21:39:55,0006B294D3,K1S
2018-07-08 21:42:24,00074FA4F8,K4
2018-07-08 21:43:49,00074F4107,K4
2018-07-08 21:43:52,0006B2A1D2,K4
2018-07-08 21:44:19,00075D8712,K4
2018-07-08 21:44:35,0006B3A093,K4
2018-07-08 21:45:09,000770FBF5,K4
2018-07-08 21:45:19,00075D1E39,K1S
2018-07-08 21:45:30,00075D1E39,K1S
2018-07-08 21:45:43,00065EBF3C,K1S
2018-07-08 21:46:55,0006B3775E,K1S
2018-07-08 21:47:46,00075D1338,K1S
2018-07-08 21:49:25,0006B35440,K4
2018-07-08 21:55:59,000770ED72,K4
2018-07-08 21:57:13,00075D110D,K4
2018-07-08 21:57:16,0007ABD6CC,K4
2018-07-08 21:58:57,0006B34FCA,K4
2018-07-08 21:59:03,00074BE89B,K4
2018-07-08 22:02:05,000770D8F5,K4
2018-07-08 22:02:16,000770D8F5,K4
2018-07-08 23:18:07,0006B3A093,K4
2018-07-08 23:18:53,0006B3A093,K4
2018-07-08 23:25:32,0006B294D3,K4
2018-07-08 23:25:46,00075D1E39,K4
2018-07-08 23:28:04,0006B3A093,K4
2018-07-08 23:30:36,00075D1E39,K4
2018-07-08 23:31:19,00075D2562,K4
2018-07-08 23:32:55,00075D1E39,K4
2018-07-08 23:33:40,00075D1E39,K4
2018-07-08 23:34:45,00075D1E39,K4
2018-07-08 23:34:56,00075D1E39,K4
2018-07-08 23:40:32,00075D2562,K4
2018-07-08 23:43:20,00075D1E39,K4
2018-07-08 23:47:22,00068E1A0D,K4
2018-07-08 23:56:08,00075D1338,K4
2018-07-08 23:57:08,00075D1338,K1S
2018-07-08 23:57:31,00075D1338,K1S
2018-07-08 23:58:24,00075D8712,K4
2018-07-09 00:05:06,00075D1338,K4
2018-07-09 00:05:58,00075D8712,K4
2018-07-09 00:17:14,00075D1338,K4
2018-07-09 00:17:21,0006B3775E,K4
2018-07-09 00:19:55,00068E1A0D,K4
2018-07-09 00:20:18,0006B294D3,K4
2018-07-09 00:21:54,00075D1E39,K4
2018-07-09 00:22:21,00075D2562,K4
2018-07-09 00:22:58,0006B294D3,K4
2018-07-09 00:23:58,0006B294D3,K4
2018-07-09 00:25:35,0006B3775E,K4
2018-07-09 00:28:49,00068E1A0D,K4
2018-07-09 00:30:27,0006B3775E,K4
2018-07-09 00:33:17,00075D2562,K4
2018-07-09 00:33:28,0006B35440,K4
2018-07-09 00:33:38,00075D1E39,K4
2018-07-09 00:53:47,00068E1A0D,K4
2018-07-09 00:55:40,0006B2A1D2,K4
2018-07-09 01:01:21,00068E1A0D,K4
2018-07-09 01:14:55,0006B3775E,K4
2018-07-09 01:16:06,0006B3775E,K4
2018-07-09 01:17:37,00074F0832,K4
2018-07-09 01:22:57,0006B3A093,K4
2018-07-09 01:24:49,00074F4107,K4
2018-07-09 01:32:11,00075D2562,K4
2018-07-09 01:43:00,00075D2562,K4
2018-07-09 01:46:56,0006B3775E,K4
2018-07-09 01:52:11,0006B3775E,K4
2018-07-09 02:02:28,0006B2A1D2,K4
2018-07-09 02:04:38,00075D1338,K4
2018-07-09 02:09:32,0006B35440,K4
2018-07-09 02:18:11,0006B35440,K4
2018-07-09 02:19:04,00075D1E39,K4
2018-07-09 02:22:34,0006B35440,K4
2018-07-09 02:25:06,00074FA4F8,K4
2018-07-09 02:25:13,0006B35440,K4
2018-07-09 02:25:37,0006B35440,K4
2018-07-09 02:25:59,00074FA4F8,K4
2018-07-09 02:26:23,0006B35440,K4
2018-07-09 02:29:03,00075D8712,K4
2018-07-09 02:30:23,00068E1A0D,K4
2018-07-09 02:32:24,00075D8712,K4
2018-07-09 02:34:26,00075D8712,K4
2018-07-09 02:36:25,00068E1A0D,K4
2018-07-09 02:36:30,00075D2562,K4
2018-07-09 02:37:33,0006B35440,K4
2018-07-09 02:39:35,0006B35440,K4
2018-07-09 02:41:05,00074FA4F8,K4
2018-07-09 02:45:35,0006B35440,K4
2018-07-09 02:45:36,00075D8712,K4
2018-07-09 02:46:53,00074FA4F8,K4
2018-07-09 02:48:51,00075D2562,K4
2018-07-09 02:51:31,0006B3A093,K4
2018-07-09 02:52:16,0006B3775E,K4
2018-07-09 02:54:47,00074F0832,K4
2018-07-09 02:55:22,00074F238E,K4
2018-07-09 02:57:37,0006B3775E,K4
2018-07-09 03:06:56,00068E1A0D,K4
2018-07-09 03:08:53,00074F0832,K4
2018-07-09 03:09:57,0006B35440,K4
2018-07-09 03:19:00,00075D1338,K4
2018-07-09 03:19:36,00068E1A0D,K4
2018-07-09 03:20:51,00075D1E39,K4
2018-07-09 03:23:18,00075D2562,K4
2018-07-09 03:24:28,00068E1A0D,K4
2018-07-09 03:27:37,00075D8712,K4
2018-07-09 03:29:58,0006B35440,K4
2018-07-09 03:31:03,00075D2562,K4
2018-07-09 03:32:33,0006B3A093,K4
2018-07-09 03:50:22,00075D1E39,K4
2018-07-09 03:50:51,00074F238E,K4
2018-07-09 03:59:47,0006B294D3,K4
2018-07-09 04:22:22,0006B34FCA,K4
2018-07-09 04:27:56,0006B34FCA,K4
2018-07-09 04:28:04,000770FBF5,K4
2018-07-09 04:30:02,00075D8712,K4
2018-07-09 04:31:58,00075D110D,K4
2018-07-09 04:39:10,00068E1A0D,K4
2018-07-09 04:40:06,00075D2562,K4
2018-07-09 04:40:54,000770D8F5,K4
2018-07-09 04:50:56,0006B3775E,K4
2018-07-09 04:59:09,00074FA4F8,K4
2018-07-09 05:07:07,0006B35440,K4
2018-07-09 05:13:10,00074F4107,K4
2018-07-09 21:41:47,00068E1A0D,K4
2018-07-09 21:42:11,000770FBF5,K4
2018-07-09 21:42:23,000770FBF5,K4
2018-07-09 21:42:45,0006B3775E,K4
2018-07-09 21:44:31,00074F0832,K4
2018-07-09 21:44:41,00074F4107,K4
2018-07-09 21:48:23,00075D2562,K4
2018-07-09 21:49:25,0006B3A093,K4
2018-07-09 21:49:48,0006B35440,K4
2018-07-09 21:52:34,00074F238E,K4
2018-07-09 21:52:50,0006B2A1D2,K4
2018-07-09 21:53:54,000770ED72,K4
2018-07-09 21:55:07,00075D8712,K4
2018-07-09 21:56:22,00075D1E39,K4
2018-07-09 21:56:43,00074BE89B,K4
2018-07-09 21:57:07,000770D8F5,K4
2018-07-09 22:00:16,0006B294D3,K4
2018-07-09 22:00:37,0006B34FCA,K4
2018-07-09 22:02:34,00075D110D,K4
2018-07-09 23:03:13,00075D1E39,K4
2018-07-09 23:20:30,00074F4107,K4
2018-07-09 23:23:42,00075D2562,K4
2018-07-09 23:34:22,00075D2562,K4
2018-07-09 23:40:10,0006B3A093,K4
2018-07-09 23:47:08,0006B3A093,K4
2018-07-09 23:51:09,00074F4107,K4
2018-07-09 23:56:36,00075D1338,K4
2018-07-10 00:06:06,0006B35440,K4
2018-07-10 00:08:52,0006B35440,K4
2018-07-10 00:11:23,00068E1A0D,K4
2018-07-10 00:15:45,0006B35440,K4
2018-07-10 00:19:00,0006B35440,K4
2018-07-10 00:20:41,00074F4107,K4
2018-07-10 00:30:55,00068E1A0D,K4
2018-07-10 00:32:36,0006B2A1D2,K4
2018-07-10 00:34:09,0006B294D3,K4
2018-07-10 00:36:13,00074F4107,K4
2018-07-10 00:48:57,0006B35440,K4
2018-07-10 00:58:34,00075D2562,K4
2018-07-10 01:00:21,0006B35440,K4
2018-07-10 01:01:41,00074F4107,K4
2018-07-10 01:06:22,00075D2562,K4
2018-07-10 01:10:22,00074F0832,K4
2018-07-10 01:20:10,00075D2562,K4
2018-07-10 01:22:15,00075D1E39,K4
2018-07-10 01:25:19,0006B2A1D2,K4
2018-07-10 01:26:26,00074F238E,K4
2018-07-10 01:27:56,00075D2562,K4
2018-07-10 01:54:21,0006B3A093,K4
2018-07-10 02:10:08,00068E1A0D,K4
2018-07-10 02:20:54,00075D1E39,K4
2018-07-10 02:20:55,00068E1A0D,K4
2018-07-10 02:22:04,00075D1E39,K4
2018-07-10 02:27:03,00075D1338,K4
2018-07-10 02:28:59,0006B2A1D2,K4
2018-07-10 02:33:28,0006B294D3,K4
2018-07-10 02:37:27,00075D1E39,K4
2018-07-10 02:39:30,00074F4107,K4
2018-07-10 02:47:24,0006B2A1D2,K4
2018-07-10 02:52:52,00074F4107,K4
2018-07-10 02:54:43,0006B3A093,K4
2018-07-10 02:56:07,00075D2562,K4
2018-07-10 03:01:23,00074F4107,K4
2018-07-10 03:09:22,00074F4107,K4
2018-07-10 03:15:47,0006B35440,K4
2018-07-10 03:16:49,00068E1A0D,K4
2018-07-10 03:18:17,00074F238E,K4
2018-07-10 03:18:19,0006B35440,K4
2018-07-10 03:19:46,00074F238E,K4
2018-07-10 03:23:36,00068E1A0D,K4
2018-07-10 03:31:02,00068E1A0D,K4
2018-07-10 03:32:03,0006B3A093,K4
2018-07-10 03:32:18,0006B3A093,K4
2018-07-10 03:34:33,00075D2562,K4
2018-07-10 03:35:04,00075D2562,K4
2018-07-10 03:35:31,0006B3A093,K4
2018-07-10 03:36:00,00068E1A0D,K4
2018-07-10 03:37:56,00075D1E39,K4
2018-07-10 03:43:40,00075D1E39,K4
2018-07-10 03:48:32,00075D1338,K4
2018-07-10 03:50:57,0006B3A093,K4
2018-07-10 03:53:08,00075D1E39,K4
2018-07-10 03:54:04,00075D1E39,K4
2018-07-10 03:54:16,00075D1E39,K4
2018-07-10 03:55:48,00068E1A0D,K4
2018-07-10 03:57:27,00075D1338,K4
2018-07-10 04:43:36,00068E1A0D,K4
2018-07-10 04:51:48,00068E1A0D,K4
2018-07-10 04:54:40,00068E1A0D,K4
2018-07-10 04:59:09,0006B2A1D2,K4
2018-07-10 05:31:33,0006B3A093,K4
2018-07-10 21:39:16,00074F4107,K10S
2018-07-10 21:40:05,00074F4107,K10S
2018-07-10 21:45:18,00075D8712,K10S
2018-07-10 21:46:33,00074F0832,K10S
2018-07-10 21:48:51,00074F238E,K10S
2018-07-10 21:50:02,00068E1A0D,K10S
2018-07-10 21:51:38,00075D1338,K10S
2018-07-10 21:51:41,0006B35440,K10S
2018-07-10 21:51:48,0006B294D3,K10S
2018-07-10 21:53:39,0006B2A1D2,K10S
2018-07-10 21:53:48,00074FA4F8,K10S
2018-07-10 21:54:42,00075D1E39,K10S
2018-07-10 21:56:33,00075D2562,K10S
2018-07-10 21:56:37,000770ED72,K10S
2018-07-10 21:57:17,0006B3A093,K4
2018-07-10 21:58:33,000770D8F5,K10S
2018-07-10 21:58:44,000770D8F5,K10S
2018-07-10 22:05:30,0007ABD6CC,K10S
2018-07-10 22:05:48,00075D110D,K10S
2018-07-10 22:07:35,00074BE89B,K10S
2018-07-10 22:08:03,0006B34FCA,K10S
2018-07-10 23:12:55,00075D1338,K10S
2018-07-10 23:13:23,00075D1338,K10S
2018-07-10 23:18:38,00075D1338,K10S
2018-07-10 23:25:04,00075D1338,K10S
2018-07-10 23:27:06,0006B3A093,K10S
2018-07-10 23:28:20,00075D1338,K4
2018-07-10 23:37:35,0006B3A093,K4
2018-07-10 23:44:04,00075D1338,K4
2018-07-10 23:45:02,00068E1A0D,K10S
2018-07-10 23:54:20,00075D2562,K10S
2018-07-11 00:05:15,00075D1E39,K10S
2018-07-11 00:05:47,00068E1A0D,K10S
2018-07-11 00:07:58,0006B3A093,K10S
2018-07-11 00:08:37,00075D2562,K10S
2018-07-11 00:14:48,00075D1338,K10S
2018-07-11 00:22:50,00074F4107,K10S
2018-07-11 00:23:17,00075D1E39,K10S
2018-07-11 00:24:30,00075D1338,K10S
2018-07-11 00:32:25,00074F4107,K10S
2018-07-11 00:34:00,0006B35440,K10S
2018-07-11 00:39:47,00075D2562,K10S
2018-07-11 00:44:38,0006B3A093,K10S
2018-07-11 00:45:56,0006B2A1D2,K10S
2018-07-11 00:52:02,0006B35440,K10S
2018-07-11 00:52:11,0006B294D3,K10S
2018-07-11 00:54:41,00075D8712,K10S
2018-07-11 00:55:20,0006B3A093,K10S
2018-07-11 00:59:48,00075D2562,K10S
2018-07-11 01:12:55,00074F4107,K10S
2018-07-11 01:13:25,00075D1338,K10S
2018-07-11 01:15:12,00075D2562,K10S
2018-07-11 01:15:13,00074F238E,K10S
2018-07-11 01:18:18,0007ABD6CC,K10S
2018-07-11 01:25:39,00074F4107,K10S
2018-07-11 01:29:08,00075D1338,K10S
2018-07-11 01:29:46,00074F238E,K10S
2018-07-11 01:32:32,00075D1E39,K4
2018-07-11 01:34:26,00075D1E39,K4
2018-07-11 01:35:20,00075D1E39,K10S
2018-07-11 01:36:13,00075D2562,K10S
2018-07-11 01:37:30,00075D1338,K4
2018-07-11 01:38:19,00075D1338,K10S
2018-07-11 01:42:22,0006B35440,K4
2018-07-11 01:43:31,0006B35440,K10S
2018-07-11 02:00:15,0006B3A093,K10S
2018-07-11 02:03:46,00068E1A0D,K10S
2018-07-11 02:04:13,00075D2562,K10S
2018-07-11 02:28:07,00075D8712,K10S
2018-07-11 02:28:19,00074F4107,K10S
2018-07-11 02:31:33,00075D1E39,K10S
2018-07-11 02:32:57,00075D1338,K10S
2018-07-11 02:35:05,00074BE89B,K10S
2018-07-11 02:35:12,0006B294D3,K10S
2018-07-11 02:36:47,00075D2562,K10S
2018-07-11 02:37:27,00074F0832,K10S
2018-07-11 02:38:09,00074F238E,K10S
2018-07-11 02:57:51,0006B2A1D2,K10S
2018-07-11 02:58:21,00068E1A0D,K10S
2018-07-11 02:59:22,0006B3A093,K10S
2018-07-11 03:07:44,0006B35440,K10S
2018-07-11 03:07:57,0006B35440,K10S
2018-07-11 03:14:28,00075D1E39,K10S
2018-07-11 03:29:38,00075D1E39,K10S
2018-07-11 03:35:06,00075D1338,K10S
2018-07-11 03:37:25,00074F0832,K10S
2018-07-11 03:43:23,00074F4107,K10S
2018-07-11 04:33:21,00075D1E39,K10S
2018-07-11 04:37:58,000770D8F5,K10S
2018-07-11 04:40:59,00075D110D,K10S
2018-07-11 04:42:37,0006B3A093,K10S
2018-07-11 04:51:03,00075D2562,K10S
2018-07-11 04:55:14,0006B35440,K10S
2018-07-11 22:00:13,0006B294D3,K10S
2018-07-11 22:07:35,000770D8F5,K10S
2018-07-11 22:09:46,00075D8712,K10S
2018-07-11 22:10:23,00074F4107,K10S
2018-07-11 22:13:19,00074F238E,K10S
2018-07-11 22:14:12,00075D1E39,K10S
2018-07-11 22:15:33,0006B3A093,K10S
2018-07-11 22:16:28,00068E1A0D,K10S
2018-07-11 22:17:49,00074F0832,K10S
2018-07-11 22:21:39,000770ED72,K10S
2018-07-11 22:23:11,00075D1338,K10S
2018-07-11 22:24:15,00075D110D,K10S
2018-07-11 22:29:34,00075D2562,K10S
2018-07-11 22:32:58,0006B35440,K10S
2018-07-11 22:38:37,00075D1338,K10S
2018-07-11 22:41:22,0006B34FCA,K10S
2018-07-11 22:44:58,0006B2A1D2,K10S
2018-07-11 22:49:12,00075D1338,K10S
2018-07-11 22:49:23,0006B3A093,K10S
2018-07-11 22:52:50,00074BE89B,K10S
2018-07-11 23:03:30,00068E1A0D,K10S
2018-07-11 23:05:52,00068E1A0D,K10S
2018-07-11 23:13:50,00075D1E39,K10S
2018-07-11 23:14:03,00068E1A0D,K10S
2018-07-11 23:17:07,0006B3A093,K10S
2018-07-11 23:19:33,00075D8712,K10S
2018-07-11 23:24:59,00074F4107,K10S
2018-07-11 23:26:29,00068E1A0D,K10S
2018-07-11 23:29:30,00075D1E39,K10S
2018-07-11 23:31:05,0006B3A093,K10S
2018-07-11 23:32:56,00068E1A0D,K10S
2018-07-11 23:33:49,00074F0832,K10S
2018-07-11 23:35:17,0006B35440,K10S
2018-07-11 23:41:05,0006B294D3,K10S
2018-07-11 23:42:15,00068E1A0D,K10S
2018-07-12 00:04:23,00075D2562,K10S
2018-07-12 00:11:19,00075D1E39,K10S
2018-07-12 00:18:00,00075D2562,K10S
2018-07-12 00:27:02,0006B35440,K10S
2018-07-12 00:32:01,0006B3A093,K10S
2018-07-12 00:37:30,00074F4107,K10S
2018-07-12 00:44:20,00075D1338,K10S
2018-07-12 01:01:24,0006B3A093,K10S
2018-07-12 01:01:58,00075D1338,K10S
2018-07-12 01:07:18,00075D1E39,K10S
2018-07-12 01:08:04,00075D2562,K10S
2018-07-12 01:25:56,00074F238E,K10S
2018-07-12 01:31:28,00074F4107,K10S
2018-07-12 01:34:43,00075D2562,K10S
2018-07-12 01:37:06,0006B2A1D2,K10S
2018-07-12 01:37:44,00074FA4F8,K10S
2018-07-12 01:52:33,00074BE89B,K10S
2018-07-12 01:54:58,00074FA4F8,K10S
2018-07-12 02:04:06,00074F4107,K10S
2018-07-12 02:05:04,0006B3A093,K10S
2018-07-12 02:10:15,00068E1A0D,K10S
2018-07-12 02:11:15,00074F238E,K10S
2018-07-12 02:22:34,00068E1A0D,K10S
2018-07-12 02:55:35,00075D2562,K10S
2018-07-12 03:00:23,00075D1338,K10S
2018-07-12 03:03:52,00075D1E39,K10S
2018-07-12 03:08:34,00075D2562,K10S
2018-07-12 03:13:40,0006B35440,K10S
2018-07-12 03:14:44,00075D1338,K10S
2018-07-12 03:14:56,00075D1E39,K10S
2018-07-12 03:17:14,0006B3A093,K10S
2018-07-12 03:31:48,00074F4107,K10S
2018-07-12 03:33:43,0006B35440,K10S
2018-07-12 03:41:44,00075D1E39,K10S
2018-07-12 03:48:35,00075D1E39,K10S
2018-07-12 04:22:38,00074BE89B,K10S
2018-07-12 04:24:22,0007ABD6CC,K10S
2018-07-12 04:25:07,000770FBF5,K10S
2018-07-12 04:26:07,00075D1338,K10S
2018-07-12 04:30:33,0006B34FCA,K10S
2018-07-12 04:32:27,00075D110D,K10S
2018-07-12 04:37:04,00068E1A0D,K10S
2018-07-12 04:38:25,000770ED72,K10S
2018-07-12 04:38:51,00075D2562,K10S
2018-07-12 04:39:27,000770D8F5,K10S
2018-07-12 04:40:45,0006B294D3,K10S
2018-07-12 04:46:34,00074F4107,K10S
2018-07-12 04:48:19,00075D1E39,K10S
2018-07-12 04:49:32,00074FA4F8,K10S
2018-07-12 04:54:15,0006B35440,K10S
2018-07-12 21:28:46,00068E1A0D,K10S
2018-07-12 21:30:31,0006B3A093,K10S
2018-07-12 21:30:43,0006B2A1D2,K10S
2018-07-12 21:30:52,00074F238E,K10S
2018-07-12 21:30:59,0006B2A1D2,K10S
2018-07-12 21:31:46,0006B3A093,K10S
2018-07-12 21:31:51,00074F0832,K10S
2018-07-12 21:32:40,00075D2562,K10S
2018-07-12 21:33:06,0006B294D3,K10S
2018-07-12 21:33:55,00075D8712,K10S
2018-07-12 21:35:33,00075D1338,K10S
2018-07-12 21:35:37,00074FA4F8,K10S
2018-07-12 21:35:43,0006B35440,K10S
2018-07-12 21:35:47,000770FBF5,K10S
2018-07-12 21:35:56,00074F4107,K10S
2018-07-12 21:37:27,00075D1E39,K10S
2018-07-12 21:38:32,00075D1E39,K10S
2018-07-12 21:40:50,0007ABD6CC,K10S
2018-07-12 21:41:36,00075D110D,K10S
2018-07-12 21:41:41,000770ED72,K10S
2018-07-12 21:45:25,00074BE89B,K10S
2018-07-12 21:47:04,000770D8F5,K10S
2018-07-12 21:49:56,0006B34FCA,K10S
2018-07-12 23:38:00,0006B3A093,K10S
2018-07-12 23:55:57,0006B3A093,K10S
2018-07-12 23:58:57,00075D1338,K10S
2018-07-12 23:59:32,00068E1A0D,K10S
2018-07-13 00:01:15,00068E1A0D,K10S
2018-07-13 00:01:26,0006B3A093,K10S
2018-07-13 00:11:23,00075D1338,K10S
2018-07-13 00:14:36,00075D1338,K10S
2018-07-13 00:22:35,00075D2562,K10S
2018-07-13 00:35:17,0006B294D3,K10S
2018-07-13 00:35:52,00075D1E39,K10S
2018-07-13 00:36:09,00075D2562,K10S
2018-07-13 00:36:24,00074F4107,K10S
2018-07-13 00:37:56,00075D1E39,K10S
2018-07-13 00:39:05,00074F4107,K10S
2018-07-13 00:40:35,00074F4107,K10S
2018-07-13 00:45:14,00075D1E39,K10S
2018-07-13 00:45:50,00074F238E,K10S
2018-07-13 00:57:35,0006B294D3,K10S
2018-07-13 01:06:54,00074F4107,K10S
2018-07-13 01:08:06,0006B3A093,K10S
2018-07-13 01:08:33,0006B3A093,K10S
2018-07-13 01:08:56,0006B3A093,K10S
2018-07-13 01:09:27,0006B3A093,K10S
2018-07-13 01:25:32,00074F0832,K10S
2018-07-13 01:28:33,0006B2A1D2,K10S
2018-07-13 01:31:08,00075D1338,K10S
2018-07-13 01:35:45,00074F0832,K10S
2018-07-13 01:41:08,0006B35440,K10S
2018-07-13 01:42:48,00074F238E,K10S
2018-07-13 01:43:15,00075D1338,K10S
2018-07-13 01:44:25,0006B35440,K10S
2018-07-13 01:44:46,00074F238E,K10S
2018-07-13 01:46:10,0006B3A093,K10S
2018-07-13 01:46:35,00074F238E,K10S
2018-07-13 01:53:12,00074F238E,K10S
2018-07-13 01:55:32,0006B2A1D2,K10S
2018-07-13 02:13:01,00074F238E,K10S
2018-07-13 02:13:33,00075D2562,K10S
2018-07-13 02:16:09,00074F238E,K10S
2018-07-13 02:27:20,00075D2562,K10S
2018-07-13 02:33:51,00075D1E39,K10S
2018-07-13 02:34:43,0006B294D3,K10S
2018-07-13 02:37:27,00068E1A0D,K10S
2018-07-13 02:37:39,00075D1338,K10S
2018-07-13 02:39:11,00074F238E,K10S
2018-07-13 02:40:18,00075D1338,K10S
2018-07-13 02:41:21,0006B294D3,K10S
2018-07-13 02:44:36,00075D1E39,K10S
2018-07-13 02:45:00,00075D1338,K10S
2018-07-13 02:45:28,00068E1A0D,K10S
2018-07-13 02:46:19,00075D1338,K10S
2018-07-13 02:49:33,0006B3A093,K10S
2018-07-13 02:49:39,00074F238E,K10S
2018-07-13 02:59:06,0006B3A093,K10S
2018-07-13 03:01:20,00075D1338,K10S
2018-07-13 03:03:44,00074F4107,K10S
2018-07-13 03:04:47,00074F4107,K10S
2018-07-13 03:11:39,00075D1338,K10S
2018-07-13 03:12:24,0006B294D3,K10S
2018-07-13 03:21:05,00074FA4F8,K10S
2018-07-13 03:24:14,00075D2562,K10S
2018-07-13 03:27:13,00074FA4F8,K10S
2018-07-13 03:28:00,00074F238E,K10S
2018-07-13 03:29:32,0006B3A093,K10S
2018-07-13 03:32:07,00074F238E,K10S
2018-07-13 03:34:49,00075D1E39,K10S
2018-07-13 03:35:15,00075D2562,K10S
2018-07-13 03:36:08,00075D2562,K10S
2018-07-13 03:38:46,00075D1E39,K10S
2018-07-13 03:40:06,00075D2562,K10S
2018-07-13 03:41:10,00075D1338,K10S
2018-07-13 03:41:29,00074F0832,K10S
2018-07-13 03:43:59,00074F0832,K10S
2018-07-13 03:47:33,00075D1338,K10S
2018-07-13 03:49:10,00074F4107,K10S
2018-07-13 04:01:00,0006B35440,K10S
2018-07-13 04:02:24,0006B35440,K10S
2018-07-13 04:09:45,00068E1A0D,K10S
2018-07-13 04:11:34,00068E1A0D,K10S
2018-07-13 04:27:42,00074F238E,K10S
2018-07-13 04:35:15,0006B2A1D2,K10S
2018-07-13 04:43:25,00075D8712,K10S
2018-07-13 04:48:12,00074F0832,K10S
2018-07-13 04:53:45,00075D2562,K10S
2018-07-13 04:53:49,00068E1A0D,K10S
2018-07-13 04:54:03,00074FA4F8,K10S
2018-07-13 04:54:10,00075D110D,K10S
2018-07-13 04:56:06,00075D1E39,K10S
2018-07-13 04:57:16,0006B34FCA,K10S
2018-07-13 04:57:17,00075D8712,K10S
2018-07-13 04:57:26,0007ABD6CC,K10S
2018-07-13 04:57:30,000770D8F5,K10S
2018-07-13 05:02:16,00075D1338,K10S
2018-07-13 05:02:41,0006B35440,K10S
2018-07-13 21:38:23,00074F4107,K10S
2018-07-13 21:39:27,0006B294D3,K10S
2018-07-13 21:39:46,00068E1A0D,K10S
2018-07-13 21:40:52,0006B35440,K10S
2018-07-13 21:44:32,00075D1338,K10S
2018-07-13 21:44:37,00075D8712,K10S
2018-07-13 21:44:58,00074F238E,K10S
2018-07-13 21:45:38,0006B2A1D2,K10S
2018-07-13 21:45:48,00074F0832,K10S
2018-07-13 21:46:32,000770FBF5,K10S
2018-07-13 21:47:05,00075D1E39,K10S
2018-07-13 21:49:11,00075D2562,K10S
2018-07-13 21:49:46,0006B3A093,K10S
2018-07-13 21:52:00,000770ED72,K10S
2018-07-13 21:52:06,00074BE89B,K10S
2018-07-13 21:53:27,0007ABD6CC,K10S
2018-07-13 21:54:45,00074FA4F8,K10S
2018-07-13 21:56:22,0006B34FCA,K10S
2018-07-13 21:59:28,000770D8F5,K10S
2018-07-13 22:01:21,00075D110D,K10S
2018-07-13 23:47:20,00075D1338,K10S
2018-07-14 00:00:28,00075D1338,K10S
2018-07-14 00:12:50,0006B3A093,K10S
2018-07-14 00:13:37,00074F4107,K10S
2018-07-14 00:17:23,0006B294D3,K10S
2018-07-14 00:23:09,0006B3A093,K10S
2018-07-14 00:46:53,0006B3A093,K10S
2018-07-14 00:52:25,0006B3A093,K10S
2018-07-14 00:54:19,0006B294D3,K10S
2018-07-14 01:00:17,0006B3A093,K10S
2018-07-14 01:04:32,00075D2562,K10S
2018-07-14 01:10:59,00075D2562,K10S
2018-07-14 01:37:20,00075D1E39,K10S
2018-07-14 01:38:50,00075D1338,K10S
2018-07-14 01:46:49,00075D1E39,K10S
2018-07-14 01:47:02,0006B294D3,K10S
2018-07-14 01:55:46,0006B294D3,K10S
2018-07-14 02:18:39,0006B3A093,K10S
2018-07-14 02:22:59,00075D1338,K10S
2018-07-14 02:30:57,00075D2562,K10S
2018-07-14 02:32:11,00075D1338,K10S
2018-07-14 02:34:24,00074F238E,K10S
2018-07-14 02:38:49,00075D2562,K10S
2018-07-14 02:40:30,00074F238E,K10S
2018-07-14 02:47:42,00075D2562,K10S
2018-07-14 02:50:22,00075D2562,K10S
2018-07-14 02:55:46,0006B294D3,K10S
2018-07-14 03:02:16,00075D2562,K10S
2018-07-14 03:02:31,0006B2A1D2,K10S
2018-07-14 03:06:49,00068E1A0D,K10S
2018-07-14 03:07:02,00075D2562,K10S
2018-07-14 03:07:38,00068E1A0D,K10S
2018-07-14 03:07:56,00075D1338,K10S
2018-07-14 03:09:12,00075D1E39,K10S
2018-07-14 03:10:48,00075D2562,K10S
2018-07-14 03:15:27,00075D1338,K10S
2018-07-14 03:18:48,00075D2562,K10S
2018-07-14 03:19:49,0006B2A1D2,K10S
2018-07-14 03:21:24,0006B3A093,K10S
2018-07-14 03:24:09,00075D2562,K10S
2018-07-14 03:24:57,0006B2A1D2,K10S
2018-07-14 03:26:28,0006B2A1D2,K10S
2018-07-14 03:29:19,00075D2562,K10S
2018-07-14 03:29:52,00068E1A0D,K10S
2018-07-14 03:30:54,00068E1A0D,K10S
2018-07-14 03:32:07,0006B2A1D2,K10S
2018-07-14 03:35:43,0006B35440,K10S
2018-07-14 03:36:11,0006B35440,K10S
2018-07-14 03:37:47,00075D2562,K10S
2018-07-14 03:42:21,00068E1A0D,K10S
2018-07-14 03:44:24,0006B294D3,K10S
2018-07-14 03:45:15,00075D8712,K10S
2018-07-14 03:46:03,00068E1A0D,K10S
2018-07-14 03:47:37,0006B3A093,K10S
2018-07-14 04:07:12,00074F4107,K10S
2018-07-14 04:26:54,00074F238E,K10S
2018-07-14 04:29:50,0006B294D3,K10S
2018-07-14 04:35:49,0006B2A1D2,K10S
2018-07-14 04:43:54,00075D1338,K10S
2018-07-14 04:48:44,000770D8F5,K10S
2018-07-14 04:49:18,0006B3A093,K10S
2018-07-14 04:49:30,00068E1A0D,K10S
2018-07-14 04:49:34,00075D110D,K10S
2018-07-14 04:58:02,00075D2562,K10S
2018-07-14 04:59:28,00075D1E39,K10S
2018-07-14 05:00:18,0006B35440,K10S
2018-07-14 05:06:11,00074FA4F8,K10S
2018-07-14 05:16:15,00074F4107,K10S
2018-07-14 16:46:19,000770D8F5,K10S
2018-07-14 16:48:31,000770D8F5,K10S
2018-07-14 21:33:58,0006B294D3,K10S
2018-07-14 21:35:33,00075D1E39,K10S
2018-07-14 21:38:40,00074F4107,K10S
2018-07-14 21:38:47,00075D1E39,K10S
2018-07-14 21:40:44,00074F0832,K10S
2018-07-14 21:40:59,00068E1A0D,K10S
2018-07-14 21:41:04,00075D8712,K10S
2018-07-14 21:44:53,00075D2562,K10S
2018-07-14 21:44:56,0006B2A1D2,K10S
2018-07-14 21:45:00,00074F238E,K10S
2018-07-14 21:45:11,00074FA4F8,K10S
2018-07-14 21:46:31,0006B3A093,K10S
2018-07-14 21:47:55,00075D1338,K10S
2018-07-14 21:48:55,0006B35440,K10S
2018-07-14 21:50:29,00075D110D,K10S
2018-07-14 21:57:56,000770D8F5,K10S
2018-07-15 00:03:41,0006B3A093,K10S
2018-07-15 00:07:17,00075D1E39,K10S
2018-07-15 00:11:54,00068E1A0D,K10S
2018-07-15 00:12:48,00068E1A0D,K10S
2018-07-15 00:15:05,00075D1E39,K10S
2018-07-15 00:58:10,00075D1338,K10S
2018-07-15 00:58:24,0006B3A093,K10S
2018-07-15 01:06:06,00075D1338,K10S
2018-07-15 01:10:10,00075D1338,K10S
2018-07-15 01:18:13,00075D1338,K10S
2018-07-15 01:44:53,00075D2562,K10S
2018-07-15 01:54:02,00075D1E39,K10S
2018-07-15 01:57:46,0006B294D3,K10S
2018-07-15 01:59:16,0006B3A093,K10S
2018-07-15 02:09:53,0006B2A1D2,K10S
2018-07-15 02:14:38,00074F238E,K10S
2018-07-15 02:15:05,00074F4107,K10S
2018-07-15 02:15:17,0006B2A1D2,K10S
2018-07-15 02:18:46,0006B294D3,K10S
2018-07-15 02:21:03,00074F238E,K10S
2018-07-15 02:21:51,00075D2562,K10S
2018-07-15 02:22:22,0006B2A1D2,K10S
2018-07-15 02:22:40,0006B2A1D2,K10S
2018-07-15 02:22:51,0006B2A1D2,K10S
2018-07-15 02:30:53,0006B2A1D2,K10S
2018-07-15 02:43:22,00075D1338,K10S
2018-07-15 02:53:05,00075D1338,K10S
2018-07-15 03:23:16,00074F4107,K10S
2018-07-15 03:24:08,00075D2562,K10S
2018-07-15 03:24:36,0006B3A093,K10S
2018-07-15 03:28:50,00075D2562,K10S
2018-07-15 03:37:54,00075D1E39,K10S
2018-07-16 21:49:09,0006B34FCA,K7
2018-07-16 21:52:34,0006B3A093,K7
2018-07-17 14:32:05,000770D8F5,K7S
2018-07-17 21:36:10,00074F4107,K7S
2018-07-17 21:36:34,00074F4107,K7S
2018-07-17 21:36:53,00068E1A0D,K7S
2018-07-17 21:37:11,00075D8712,K7S
2018-07-17 21:38:49,00075D1338,K7S
2018-07-17 21:39:13,00075D8712,K7S
2018-07-17 21:39:56,00075D2562,K7S
2018-07-17 21:41:46,00075D8712,K7S
2018-07-17 21:41:56,00075D1338,K7S
2018-07-17 21:42:04,0006B2A1D2,K7S
2018-07-17 21:42:25,00074FA4F8,K7S
2018-07-17 21:42:55,0006B294D3,K7S
2018-07-17 21:44:20,00074F0832,K7S
2018-07-17 21:44:42,0006B35440,K7S
2018-07-17 21:44:53,00074F238E,K7S
2018-07-17 21:45:42,00074F0832,K7S
2018-07-17 21:45:47,0007ABD6CC,K7S
2018-07-17 21:46:28,000770FBF5,K7S
2018-07-17 21:47:42,00075D1E39,K7S
2018-07-17 21:50:11,0006B3A093,K7S
2018-07-17 21:50:22,0006B3A093,K7S
2018-07-17 21:51:02,000770ED72,K7S
2018-07-17 21:59:54,000770D8F5,K7S
2018-07-17 22:01:10,00074BE89B,K7S
2018-07-17 22:01:40,0006B34FCA,K7S
2018-07-17 22:05:01,00075D110D,K7S
2018-07-18 02:58:32,00075D1338,K7S
2018-07-18 02:58:39,00075D2562,K7S
2018-07-18 02:58:48,00075D1338,K7S
2018-07-18 02:59:55,00075D2562,K7S
2018-07-18 03:06:26,00075D1338,K7S
2018-07-18 03:13:39,00075D2562,K7S
2018-07-18 03:15:17,0006B294D3,K7S
2018-07-18 03:22:17,0006B294D3,K7S
2018-07-18 03:25:33,00075D2562,K7S
2018-07-18 03:53:19,00075D1E39,K7S
2018-07-18 03:54:51,00075D1E39,K7S
2018-07-18 03:56:46,0006B3A093,K7S
2018-07-18 04:04:19,0006B3A093,K7S
2018-07-18 04:04:41,0006B3A093,K7S
2018-07-18 04:04:43,00075D1338,K7S
2018-07-18 04:08:38,0006B3A093,K7S
2018-07-18 04:12:50,0006B3A093,K7S
2018-07-18 04:15:12,00075D1E39,K7S
2018-07-18 04:46:37,0006B294D3,K7S
2018-07-18 04:48:20,000770ED72,K7S
2018-07-18 04:52:47,00074F238E,K7S
2018-07-18 04:54:58,00075D110D,K7S
2018-07-18 04:55:28,00074BE89B,K7S
2018-07-18 04:56:23,00068E1A0D,K7S
2018-07-18 04:56:27,00075D2562,K7S
2018-07-18 05:08:28,00074FA4F8,K7S
2018-07-18 05:09:52,000770FBF5,K7S
2018-07-18 05:18:41,00075D1E39,K7S
2018-07-18 16:39:41,000770D8F5,K7S
2018-07-18 16:39:52,000770D8F5,K7S
2018-07-18 21:33:00,00075D1338,K7S
2018-07-18 21:33:13,00075D1338,K7S
2018-07-18 21:33:25,00075D1338,K7S
2018-07-18 21:33:36,00075D1338,K7S
2018-07-18 21:33:40,00075D1E39,K7S
2018-07-18 21:33:45,00075D8712,K7S
2018-07-18 21:33:57,00074F0832,K7S
2018-07-18 21:34:29,00075D8712,K7S
2018-07-18 21:34:34,00068E1A0D,K7S
2018-07-18 21:34:55,00075D2562,K7S
2018-07-18 21:35:04,00074FA4F8,K7S
2018-07-18 21:35:27,00074F4107,K7S
2018-07-18 21:35:38,00074F4107,K7S
2018-07-18 21:40:38,0007ABD6CC,K7S
2018-07-18 21:40:51,0006B2A1D2,K7S
2018-07-18 21:45:15,0006B294D3,K7S
2018-07-18 21:45:28,00074F238E,K7S
2018-07-18 21:47:14,000770FBF5,K7S
2018-07-18 21:47:21,0006B35440,K7S
2018-07-18 21:49:36,0006B3A093,K7S
2018-07-18 21:51:45,000770ED72,K7S
2018-07-18 21:53:29,0006B34FCA,K7S
2018-07-18 21:53:33,00074BE89B,K7S
2018-07-18 21:53:39,000770D8F5,K7S
2018-07-18 22:04:54,00075D110D,K7S
2018-07-19 05:34:06,00075D8712,K7S
2018-07-21 21:25:01,00075D1E39,K31
2018-07-21 21:25:12,00074F4107,K31
2018-07-21 21:27:05,00075D8712,K31
2018-07-21 21:29:17,00075D2562,K31
2018-07-21 21:33:05,000770ED72,K31
2018-07-21 21:34:19,00074FA4F8,K31
2018-07-21 21:35:30,00074F238E,K31
2018-07-21 21:35:41,0006B294D3,K31
2018-07-21 21:38:29,0006B3A093,K31
2018-07-21 21:39:25,00075D1338,K31
2018-07-21 21:39:46,0006B35440,K31
2018-07-21 21:45:55,0006B34FCA,K31
2018-07-21 21:49:31,00075D110D,K31
2018-07-22 21:43:48,00075D1E39,K21
2018-07-22 21:51:32,0006B2A1D2,K21
2018-07-22 21:52:37,0006B34FCA,K21
2018-07-23 21:40:55,00075D2562,K21
2018-07-23 21:43:50,00075D1E39,K21
2018-07-23 21:45:40,0006B2A1D2,K21
2018-07-23 21:46:54,0006B294D3,K21
2018-07-23 21:49:12,0006B3A093,K21
2018-07-23 21:50:16,00074BE89B,K21
2018-07-23 21:51:39,000770D8F5,K21
2018-07-24 05:12:24,000770FBF5,K21
2018-07-24 21:27:23,00074F4107,K21
2018-07-24 21:38:12,000770FBF5,K21
2018-07-24 21:39:51,0006B2A1D2,K21
2018-07-24 21:42:35,000770ED72,K21
2018-07-24 21:45:21,0006B3A093,K21
2018-07-25 21:30:49,00074FA4F8,K10
2018-07-25 21:31:03,00074F4107,K21
2018-07-25 21:31:15,000770FBF5,K10
2018-07-25 21:31:27,000770FBF5,K10
2018-07-25 21:31:57,0007ABD6CC,K10
2018-07-25 21:32:09,00074F238E,K10
2018-07-25 21:35:16,0006B294D3,K10
2018-07-25 21:37:00,0006B35440,K10
2018-07-25 21:39:40,00074BE89B,K10
2018-07-26 04:58:39,0006B35440,K10
2018-07-26 04:59:17,00074F0832,K10
2018-07-26 05:00:01,0006B294D3,K10
2018-07-26 05:03:10,000770FBF5,K10
2018-07-26 05:07:30,000770D8F5,K10
2018-07-26 05:07:45,00074F238E,K10
2018-07-26 05:19:09,00075D1E39,K10
2018-07-26 05:20:38,00074F4107,K10
2018-07-27 12:58:22,000770D8F5,K10
2018-07-27 21:24:42,00075D8712,K10
2018-07-27 21:28:26,00074F4107,K10
2018-07-27 21:30:06,00075D1338,K10
2018-07-27 21:30:26,0007ABD6CC,K10
2018-07-27 21:30:29,000770FBF5,K10
2018-07-27 21:31:01,00074F0832,K10
2018-07-27 21:31:30,0006B294D3,K10
2018-07-27 21:31:37,00074FA4F8,K10
2018-07-27 21:31:47,0006B3A093,K10
2018-07-27 21:32:32,00075D1E39,K10
2018-07-27 21:33:14,00074F238E,K10
2018-07-27 21:36:00,0006B35440,K10
2018-07-27 21:40:16,000770D8F5,K10
2018-07-27 21:40:28,000770D8F5,K10
2018-07-27 21:40:39,000770D8F5,K10
2018-07-29 14:59:27,000770D8F5,K235
2018-07-29 15:16:22,0006B294D3,K235
2018-07-29 15:16:49,0006B294D3,K235
2018-07-29 15:16:52,000770D8F5,K235
2018-07-29 15:17:10,000770D8F5,K235
2018-07-29 15:17:21,000770D8F5,K235
2018-07-29 15:17:34,0006B294D3,K235
2018-07-29 15:17:49,0006B294D3,K235
2018-07-29 15:18:29,0006B294D3,K235
2018-07-29 15:19:44,0006B294D3,K235
2018-07-29 15:19:55,0006B294D3,K235
2018-07-29 15:20:08,0006B294D3,K235
2018-07-29 15:20:19,000770D8F5,K235
2018-07-29 15:20:26,0006B294D3,K235
2018-07-29 15:20:52,0006B294D3,K235
2018-07-29 15:21:03,0006B294D3,K235
2018-07-29 15:21:08,000770D8F5,K235
2018-07-29 15:21:15,0006B294D3,K235
2018-07-29 15:21:21,000770D8F5,K235
2018-07-29 15:21:26,0006B294D3,K235
2018-07-29 15:21:46,0006B294D3,K235
2018-07-29 15:21:57,0006B294D3,K235
2018-07-29 15:22:34,0006B294D3,K235
2018-07-29 15:22:42,000770D8F5,K235
2018-07-29 15:22:54,000770D8F5,K235
2018-07-29 15:23:05,000770D8F5,K235
2018-07-29 15:23:16,000770D8F5,K235
2018-07-29 15:23:39,000770D8F5,K235
2018-07-29 15:24:10,000770D8F5,K235
2018-07-29 15:24:26,000770D8F5,K235
2018-07-29 15:24:38,000770D8F5,K235
2018-07-29 15:24:49,000770D8F5,K235
2018-07-29 15:25:03,000770D8F5,K235
2018-07-29 15:25:15,000770D8F5,K235
2018-07-29 15:25:26,000770D8F5,K235
2018-07-29 15:25:38,000770D8F5,K235
2018-07-29 15:25:53,000770D8F5,K235
2018-07-29 15:26:05,000770D8F5,K235
2018-07-29 15:26:16,000770D8F5,K235
2018-07-29 15:26:28,000770D8F5,K235
2018-07-29 15:26:39,000770D8F5,K235
2018-07-29 15:26:50,000770D8F5,K235
2018-07-29 15:27:01,0006B294D3,K235
2018-07-29 15:27:03,000770D8F5,K235
2018-07-29 15:27:14,000770D8F5,K235
2018-07-29 15:27:25,000770D8F5,K235
2018-07-29 15:28:24,0006B294D3,K235
2018-07-29 15:29:37,0006B294D3,K235
2018-07-29 15:29:48,0006B294D3,K235
2018-07-29 15:29:59,0006B294D3,K235
2018-07-29 15:30:10,0006B294D3,K235
2018-07-29 15:30:21,0006B294D3,K235
2018-07-29 17:56:14,0006B294D3,K235
2018-07-29 17:56:25,0006B294D3,K235
2018-07-29 17:56:36,0006B294D3,K235
2018-07-29 17:56:47,0006B294D3,K235
2018-07-29 17:56:58,0006B294D3,K235
2018-07-29 17:57:09,0006B294D3,K235
2018-07-29 17:57:21,0006B294D3,K235
2018-07-29 17:57:34,0006B294D3,K235
2018-07-29 17:57:45,0006B294D3,K235
2018-07-29 17:57:56,0006B294D3,K235
2018-07-29 17:58:10,0006B294D3,K235
2018-07-29 17:58:21,0006B294D3,K235
2018-07-29 17:58:33,0006B294D3,K235
2018-07-29 17:58:46,0006B294D3,K235
2018-07-29 17:58:57,0006B294D3,K235
2018-07-29 17:59:08,0006B294D3,K235
2018-07-29 17:59:19,0006B294D3,K235
2018-07-29 17:59:30,0006B294D3,K235
2018-07-29 17:59:41,0006B294D3,K235
2018-07-29 17:59:53,0006B294D3,K235
2018-07-29 18:00:04,0006B294D3,K235
2018-07-29 18:00:15,0006B294D3,K235
2018-07-29 18:00:26,0006B294D3,K235
2018-07-29 18:00:37,0006B294D3,K235
2018-07-29 18:00:48,0006B294D3,K235
2018-07-29 18:01:00,0006B294D3,K235
2018-07-29 18:01:11,0006B294D3,K235
2018-07-29 18:01:22,0006B294D3,K235
2018-07-29 18:01:34,0006B294D3,K235
2018-07-29 18:01:45,0006B294D3,K235
2018-07-29 18:02:37,0006B294D3,K235
2018-07-29 18:06:14,0006B294D3,K235
2018-07-29 18:13:22,0006B294D3,K235
2018-07-29 18:13:33,0006B294D3,K235
2018-07-29 18:13:44,0006B294D3,K235
2018-07-29 18:13:55,0006B294D3,K235
2018-07-29 18:14:06,0006B294D3,K235
2018-07-29 18:14:17,0006B294D3,K235
2018-07-29 18:14:28,0006B294D3,K235
2018-07-29 18:14:39,0006B294D3,K235
2018-07-29 18:14:50,0006B294D3,K235
2018-07-29 18:15:01,0006B294D3,K235
2018-07-29 18:15:12,0006B294D3,K235
2018-07-29 18:15:23,0006B294D3,K235
2018-07-29 18:15:34,0006B294D3,K235
2018-07-29 18:15:45,0006B294D3,K235
2018-07-29 18:16:13,0006B294D3,K235
2018-07-29 18:16:24,0006B294D3,K235
2018-07-29 18:16:35,0006B294D3,K235
2018-07-29 18:16:46,0006B294D3,K235
2018-07-29 18:16:57,0006B294D3,K235
2018-07-29 18:17:08,0006B294D3,K235
2018-07-29 18:17:19,0006B294D3,K235
2018-07-29 18:17:30,0006B294D3,K235
2018-07-29 18:17:41,0006B294D3,K235
2018-07-29 18:17:52,0006B294D3,K235
2018-07-29 18:18:03,0006B294D3,K235
2018-07-29 18:18:14,0006B294D3,K235
2018-07-29 18:18:25,0006B294D3,K235
2018-07-29 18:18:36,0006B294D3,K235
2018-07-29 18:18:47,0006B294D3,K235
2018-07-29 18:18:59,0006B294D3,K235
2018-07-29 18:19:10,0006B294D3,K235
2018-07-29 18:19:21,0006B294D3,K235
2018-07-29 18:19:32,0006B294D3,K235
2018-07-29 18:19:43,0006B294D3,K235
2018-07-29 18:19:54,0006B294D3,K235
2018-07-29 18:20:05,0006B294D3,K235
2018-07-29 18:20:16,0006B294D3,K235
2018-07-29 18:20:27,0006B294D3,K235
2018-07-29 18:20:38,0006B294D3,K235
2018-07-29 18:20:49,0006B294D3,K235
2018-07-29 18:21:00,0006B294D3,K235
2018-07-29 18:21:11,0006B294D3,K235
2018-07-29 18:21:22,0006B294D3,K235
2018-07-29 18:21:33,0006B294D3,K235
2018-07-29 18:21:44,0006B294D3,K235
2018-07-29 18:21:55,0006B294D3,K235
2018-07-29 18:22:06,0006B294D3,K235
2018-07-29 18:22:17,0006B294D3,K235
2018-07-29 18:22:28,0006B294D3,K235
2018-07-29 18:22:39,0006B294D3,K235
2018-07-29 18:22:50,0006B294D3,K235
2018-07-29 18:23:01,0006B294D3,K235
2018-07-29 18:23:12,0006B294D3,K235
2018-07-29 18:23:23,0006B294D3,K235
2018-07-29 18:23:34,0006B294D3,K235
2018-07-29 18:23:45,0006B294D3,K235
2018-07-29 18:23:56,0006B294D3,K235
2018-07-29 18:24:07,0006B294D3,K235
2018-07-29 18:24:18,0006B294D3,K235
2018-07-29 18:24:29,0006B294D3,K235
2018-07-29 18:24:40,0006B294D3,K235
2018-07-29 18:24:51,0006B294D3,K235
2018-07-29 18:25:02,0006B294D3,K235
2018-07-29 18:25:13,0006B294D3,K235
2018-07-29 18:25:24,0006B294D3,K235
2018-07-29 18:25:35,0006B294D3,K235
2018-07-29 18:25:46,0006B294D3,K235
2018-07-29 18:25:57,0006B294D3,K235
2018-07-29 18:26:08,0006B294D3,K235
2018-07-29 18:26:19,0006B294D3,K235
2018-07-29 18:26:30,0006B294D3,K235
2018-07-29 18:26:41,0006B294D3,K235
2018-07-29 18:26:52,0006B294D3,K235
2018-07-29 18:27:03,0006B294D3,K235
2018-07-29 18:27:14,0006B294D3,K235
2018-07-29 18:27:31,0006B294D3,K235
2018-07-29 18:27:42,0006B294D3,K235
2018-07-29 18:27:53,0006B294D3,K235
2018-07-29 18:28:04,0006B294D3,K235
2018-07-29 18:28:15,0006B294D3,K235
2018-07-29 18:28:27,0006B294D3,K235
2018-07-29 18:28:38,0006B294D3,K235
2018-07-29 18:28:49,0006B294D3,K235
2018-07-29 18:29:00,0006B294D3,K235
2018-07-29 18:29:12,0006B294D3,K235
2018-07-29 18:34:23,0006B294D3,K235
2018-07-29 18:34:39,0006B294D3,K235
2018-07-29 18:34:58,0006B294D3,K235
2018-07-29 18:35:27,0006B294D3,K235
2018-07-29 18:35:46,0006B294D3,K235
2018-07-29 18:36:25,0006B294D3,K235
2018-07-29 18:36:40,0006B294D3,K235
2018-07-29 18:36:54,0006B294D3,K235
2018-07-29 18:37:05,0006B294D3,K235
2018-07-29 18:37:16,0006B294D3,K235
2018-07-29 18:37:27,0006B294D3,K235
2018-07-29 18:37:38,0006B294D3,K235
2018-07-29 18:37:49,0006B294D3,K235
2018-07-29 18:38:00,0006B294D3,K235
2018-07-29 18:38:11,0006B294D3,K235
2018-07-29 18:38:22,0006B294D3,K235
2018-07-29 18:38:33,0006B294D3,K235
2018-07-29 18:38:44,0006B294D3,K235
2018-07-29 18:38:55,0006B294D3,K235
2018-07-29 18:39:06,0006B294D3,K235
2018-07-29 18:39:17,0006B294D3,K235
2018-07-29 18:39:28,0006B294D3,K235
2018-07-29 18:39:41,0006B294D3,K235
2018-07-29 18:40:50,0006B294D3,K235
2018-07-29 18:41:01,0006B294D3,K235
2018-07-29 18:41:12,0006B294D3,K235
2018-07-29 18:41:23,0006B294D3,K235
2018-07-29 18:41:36,0006B294D3,K235
2018-07-29 18:41:47,0006B294D3,K235
2018-07-29 18:41:58,0006B294D3,K235
2018-07-29 18:42:09,0006B294D3,K235
2018-07-29 18:42:20,0006B294D3,K235
2018-07-29 18:42:31,0006B294D3,K235
2018-07-29 18:42:51,0006B294D3,K235
2018-07-29 18:44:52,0006B294D3,K235
2018-07-29 18:45:03,0006B294D3,K235
2018-07-29 18:45:14,0006B294D3,K235
2018-07-29 18:45:26,0006B294D3,K235
2018-07-29 18:45:37,0006B294D3,K235
2018-07-29 18:45:48,0006B294D3,K235
2018-07-29 18:45:59,0006B294D3,K235
2018-07-29 18:46:10,0006B294D3,K235
2018-07-29 18:46:21,0006B294D3,K235
2018-07-29 18:46:32,0006B294D3,K235
2018-07-29 18:46:43,0006B294D3,K235
2018-07-29 18:46:54,0006B294D3,K235
2018-07-29 18:47:05,0006B294D3,K235
2018-07-29 18:47:16,0006B294D3,K235
2018-07-29 18:47:27,0006B294D3,K235
2018-07-29 18:47:38,0006B294D3,K235
2018-07-29 18:47:49,0006B294D3,K235
2018-07-29 18:48:00,0006B294D3,K235
2018-07-29 18:48:11,0006B294D3,K235
2018-07-29 18:48:22,0006B294D3,K235
2018-07-29 18:48:33,0006B294D3,K235
2018-07-29 18:48:44,0006B294D3,K235
2018-07-29 18:48:55,0006B294D3,K235
2018-07-29 18:49:06,0006B294D3,K235
2018-07-29 18:49:17,0006B294D3,K235
2018-07-29 18:49:28,0006B294D3,K235
2018-07-29 18:49:39,0006B294D3,K235
2018-07-29 18:49:50,0006B294D3,K235
2018-07-29 18:50:01,0006B294D3,K235
2018-07-29 18:50:12,0006B294D3,K235
2018-07-29 18:50:23,0006B294D3,K235
2018-07-29 18:50:34,0006B294D3,K235
2018-07-29 18:50:45,0006B294D3,K235
2018-07-29 18:50:56,0006B294D3,K235
2018-07-29 18:51:07,0006B294D3,K235
2018-07-29 18:51:18,0006B294D3,K235
2018-07-29 18:51:29,0006B294D3,K235
2018-07-29 18:51:40,0006B294D3,K235
2018-07-29 18:51:51,0006B294D3,K235
2018-07-29 18:52:02,0006B294D3,K235
2018-07-29 18:52:13,0006B294D3,K235
2018-07-29 18:52:24,0006B294D3,K235
2018-07-29 18:52:35,0006B294D3,K235
2018-07-29 18:52:46,0006B294D3,K235
2018-07-29 18:52:57,0006B294D3,K235
2018-07-29 18:53:08,0006B294D3,K235
2018-07-29 18:53:19,0006B294D3,K235
2018-07-29 18:53:30,0006B294D3,K235
2018-07-29 18:53:41,0006B294D3,K235
2018-07-29 18:53:52,0006B294D3,K235
2018-07-29 18:54:03,0006B294D3,K235
2018-07-29 18:54:14,0006B294D3,K235
2018-07-29 18:54:25,0006B294D3,K235
2018-07-29 18:54:36,0006B294D3,K235
2018-07-29 18:54:47,0006B294D3,K235
2018-07-29 18:54:58,0006B294D3,K235
2018-07-29 18:55:09,0006B294D3,K235
2018-07-29 18:55:20,0006B294D3,K235
2018-07-29 18:55:31,0006B294D3,K235
2018-07-29 18:55:42,0006B294D3,K235
2018-07-29 18:55:53,0006B294D3,K235
2018-07-29 18:56:04,0006B294D3,K235
2018-07-29 18:56:15,0006B294D3,K235
2018-07-29 18:56:26,0006B294D3,K235
2018-07-29 18:56:37,0006B294D3,K235
2018-07-29 18:56:48,0006B294D3,K235
2018-07-29 18:56:59,0006B294D3,K235
2018-07-29 18:57:10,0006B294D3,K235
2018-07-29 18:57:21,0006B294D3,K235
2018-07-29 18:57:32,0006B294D3,K235
2018-07-29 18:57:44,0006B294D3,K235
2018-07-29 18:57:55,0006B294D3,K235
2018-07-29 18:58:06,0006B294D3,K235
2018-07-29 18:58:17,0006B294D3,K235
2018-07-29 18:58:28,0006B294D3,K235
2018-07-29 18:58:39,0006B294D3,K235
2018-07-29 18:58:50,0006B294D3,K235
2018-07-29 18:59:01,0006B294D3,K235
2018-07-29 18:59:12,0006B294D3,K235
2018-07-29 18:59:23,0006B294D3,K235
2018-07-29 18:59:36,0006B294D3,K235
2018-07-29 18:59:47,0006B294D3,K235
2018-07-29 18:59:58,0006B294D3,K235
2018-07-29 19:00:09,0006B294D3,K235
2018-07-29 19:00:20,0006B294D3,K235
2018-07-29 19:00:31,0006B294D3,K235
2018-07-29 19:00:42,0006B294D3,K235
2018-07-29 19:00:53,0006B294D3,K235
2018-07-29 19:01:04,0006B294D3,K235
2018-07-29 19:01:15,0006B294D3,K235
2018-07-29 19:01:26,0006B294D3,K235
2018-07-29 19:01:37,0006B294D3,K235
2018-07-29 19:01:48,0006B294D3,K235
2018-07-29 19:01:59,0006B294D3,K235
2018-07-29 19:02:11,0006B294D3,K235
2018-07-29 19:04:51,0006B294D3,K235
2018-07-29 19:05:07,0006B294D3,K235
2018-07-29 19:21:09,0006B294D3,K235
2018-07-29 19:21:20,0006B294D3,K235
2018-07-29 19:21:31,0006B294D3,K235
2018-07-29 19:21:42,0006B294D3,K235
2018-07-29 19:21:53,0006B294D3,K235
2018-07-29 19:22:04,0006B294D3,K235
2018-07-29 19:22:15,0006B294D3,K235
2018-07-29 19:22:26,0006B294D3,K235
2018-07-29 19:22:37,0006B294D3,K235
2018-07-29 19:22:48,0006B294D3,K235
2018-07-29 19:22:59,0006B294D3,K235
2018-07-29 19:23:10,0006B294D3,K235
2018-07-29 19:23:21,0006B294D3,K235
2018-07-29 19:23:32,0006B294D3,K235
2018-07-29 19:23:43,0006B294D3,K235
2018-07-29 19:23:54,0006B294D3,K235
2018-07-29 19:24:05,0006B294D3,K235
2018-07-29 19:24:16,0006B294D3,K235
2018-07-29 19:24:27,0006B294D3,K235
2018-07-29 19:24:38,0006B294D3,K235
2018-07-29 19:24:49,0006B294D3,K235
2018-07-29 19:25:00,0006B294D3,K235
2018-07-29 19:25:11,0006B294D3,K235
2018-07-29 19:25:22,0006B294D3,K235
2018-07-29 19:25:33,0006B294D3,K235
2018-07-29 19:25:44,0006B294D3,K235
2018-07-29 19:25:55,0006B294D3,K235
2018-07-29 19:26:06,0006B294D3,K235
2018-07-29 19:26:17,0006B294D3,K235
2018-07-29 19:26:28,0006B294D3,K235
2018-07-29 19:26:39,0006B294D3,K235
2018-07-29 19:26:50,0006B294D3,K235
2018-07-29 19:27:01,0006B294D3,K235
2018-07-29 19:27:12,0006B294D3,K235
2018-07-29 19:27:23,0006B294D3,K235
2018-07-29 19:27:34,0006B294D3,K235
2018-07-29 19:27:45,0006B294D3,K235
2018-07-29 19:27:56,0006B294D3,K235
2018-07-29 19:28:07,0006B294D3,K235
2018-07-30 12:15:26,000770D8F5,K12
2018-07-30 13:53:11,000770D8F5,K12
2018-07-30 16:47:32,0006B294D3,K12
2018-07-30 16:47:43,0006B294D3,K12
2018-07-30 16:47:54,0006B294D3,K12
2018-07-30 16:48:14,0006B294D3,K12
2018-07-30 16:48:28,0006B294D3,K12
2018-07-30 16:48:40,0006B294D3,K12
2018-07-30 16:48:51,0006B294D3,K12
2018-07-30 16:49:02,0006B294D3,K12
2018-07-30 16:49:13,0006B294D3,K12
2018-07-30 16:49:25,0006B294D3,K12
2018-07-30 16:49:36,0006B294D3,K12
2018-07-30 16:56:09,0006B294D3,K12
2018-07-30 16:56:20,0006B294D3,K12
2018-07-30 16:56:31,0006B294D3,K12
2018-07-30 16:56:42,0006B294D3,K12
2018-07-30 16:56:53,0006B294D3,K12
2018-07-30 17:05:22,000770D8F5,K12
2018-07-30 17:05:33,000770D8F5,K12
2018-07-30 17:05:44,000770D8F5,K12
2018-07-30 17:05:55,000770D8F5,K12
2018-07-30 17:06:06,000770D8F5,K12
2018-07-30 17:59:07,000770D8F5,K12
2018-07-30 17:59:26,000770D8F5,K12
2018-07-30 17:59:37,000770D8F5,K12
2018-07-30 17:59:48,000770D8F5,K12
2018-07-30 17:59:59,000770D8F5,K12
2018-07-30 18:00:26,000770D8F5,K12
2018-07-30 18:28:05,000770D8F5,K12
2018-07-30 18:28:22,000770D8F5,K12
2018-07-30 18:28:35,000770D8F5,K12
2018-07-30 18:28:46,000770D8F5,K12
2018-07-30 18:28:57,000770D8F5,K12
2018-07-30 18:29:08,000770D8F5,K12
2018-07-30 18:29:19,000770D8F5,K12
2018-07-30 18:29:30,000770D8F5,K12
2018-07-30 18:29:41,000770D8F5,K12
2018-07-30 18:29:52,000770D8F5,K12
2018-07-30 18:30:03,000770D8F5,K12
2018-07-30 18:30:14,000770D8F5,K12
2018-07-30 18:30:25,000770D8F5,K12
2018-07-30 18:30:36,000770D8F5,K12
2018-07-30 18:30:47,000770D8F5,K12
2018-07-30 18:30:58,000770D8F5,K12
2018-07-30 18:31:09,000770D8F5,K12
2018-07-30 18:31:20,000770D8F5,K12
2018-07-30 18:31:31,000770D8F5,K12
2018-07-30 18:31:42,000770D8F5,K12
2018-07-30 18:31:53,000770D8F5,K12
2018-07-30 18:32:04,000770D8F5,K12
2018-07-30 18:32:15,000770D8F5,K12
2018-07-30 18:32:26,000770D8F5,K12
2018-07-30 18:32:38,000770D8F5,K12
2018-07-30 18:32:49,000770D8F5,K12
2018-07-30 18:33:00,000770D8F5,K12
2018-07-30 18:33:11,000770D8F5,K12
2018-07-30 18:33:22,000770D8F5,K12
2018-07-30 18:33:33,000770D8F5,K12
2018-07-30 18:33:44,000770D8F5,K12
2018-07-30 18:33:55,000770D8F5,K12
2018-07-30 18:34:06,000770D8F5,K12
2018-07-30 18:34:17,000770D8F5,K12
2018-07-30 18:34:28,000770D8F5,K12
2018-07-30 18:34:39,000770D8F5,K12
2018-07-30 18:34:50,000770D8F5,K12
2018-07-30 18:39:38,000770D8F5,K12
2018-07-30 18:39:49,000770D8F5,K12
2018-07-30 18:40:00,000770D8F5,K12
2018-07-30 18:40:11,000770D8F5,K12
2018-07-30 18:40:22,000770D8F5,K12
2018-07-30 18:40:33,000770D8F5,K12
2018-07-30 18:40:44,000770D8F5,K12
2018-07-30 18:41:04,000770D8F5,K12
2018-07-30 18:41:16,000770D8F5,K12
2018-07-30 18:41:36,000770D8F5,K12
2018-07-30 18:41:57,000770D8F5,K12
2018-07-30 18:42:10,000770D8F5,K12
2018-07-30 18:42:21,000770D8F5,K12
2018-07-30 18:42:34,000770D8F5,K12
2018-07-30 18:42:47,000770D8F5,K12
2018-07-30 18:42:59,000770D8F5,K12
2018-07-30 18:43:38,000770D8F5,K12
2018-07-30 18:43:55,000770D8F5,K12
2018-07-30 18:44:10,000770D8F5,K12
2018-07-30 18:44:26,000770D8F5,K12
2018-07-30 18:44:37,000770D8F5,K12
2018-07-30 18:44:48,000770D8F5,K12
2018-07-30 18:45:05,000770D8F5,K12
2018-07-30 18:45:16,000770D8F5,K12
2018-07-30 18:45:27,000770D8F5,K12
2018-07-30 18:45:39,000770D8F5,K12
2018-07-30 18:45:50,000770D8F5,K12
2018-07-30 18:46:01,000770D8F5,K12
2018-07-30 18:46:12,000770D8F5,K12
2018-07-30 18:46:24,000770D8F5,K12
2018-07-30 18:46:35,000770D8F5,K12
2018-07-30 18:46:46,000770D8F5,K12
2018-07-30 18:46:57,000770D8F5,K12
2018-07-30 18:47:08,000770D8F5,K12
2018-07-30 18:47:19,000770D8F5,K12
2018-07-30 18:47:30,000770D8F5,K12
2018-07-30 18:47:41,000770D8F5,K12
2018-07-30 18:47:52,000770D8F5,K12
2018-07-30 18:48:03,000770D8F5,K12
2018-07-30 18:48:14,000770D8F5,K12
2018-07-30 18:48:25,000770D8F5,K12
2018-07-30 18:48:36,000770D8F5,K12
2018-07-30 18:48:47,000770D8F5,K12
2018-07-30 18:48:58,000770D8F5,K12
2018-07-30 18:49:09,000770D8F5,K12
2018-07-30 18:49:20,000770D8F5,K12
2018-07-30 18:49:32,000770D8F5,K12
2018-07-30 18:49:43,000770D8F5,K12
2018-07-30 18:49:54,000770D8F5,K12
2018-07-30 18:50:06,000770D8F5,K12
2018-07-30 18:50:17,000770D8F5,K12
2018-07-30 18:50:28,000770D8F5,K12
2018-07-30 18:50:39,000770D8F5,K12
2018-07-30 18:50:50,000770D8F5,K12
2018-07-30 18:51:01,000770D8F5,K12
2018-07-30 18:51:12,000770D8F5,K12
2018-07-30 18:51:23,000770D8F5,K12
2018-07-30 18:51:34,000770D8F5,K12
2018-07-30 18:51:45,000770D8F5,K12
2018-07-30 18:51:56,000770D8F5,K12
2018-07-30 18:52:07,000770D8F5,K12
2018-07-30 18:52:18,000770D8F5,K12
2018-07-30 18:52:29,000770D8F5,K12
2018-07-30 18:52:40,000770D8F5,K12
2018-07-30 18:52:51,000770D8F5,K12
2018-07-30 18:53:02,000770D8F5,K12
2018-07-30 18:53:13,000770D8F5,K12
2018-07-30 18:53:24,000770D8F5,K12
2018-07-30 18:53:35,000770D8F5,K12
2018-07-30 18:53:46,000770D8F5,K12
2018-07-30 18:53:57,000770D8F5,K12
2018-07-30 18:54:09,000770D8F5,K12
2018-07-30 18:54:20,000770D8F5,K12
2018-07-30 18:54:31,000770D8F5,K12
2018-07-30 18:54:42,000770D8F5,K12
2018-07-30 18:54:53,000770D8F5,K12
2018-07-30 18:55:04,000770D8F5,K12
2018-07-30 18:55:15,000770D8F5,K12
2018-07-30 18:55:26,000770D8F5,K12
2018-07-30 18:55:37,000770D8F5,K12
2018-07-30 18:55:48,000770D8F5,K12
2018-07-30 18:55:59,000770D8F5,K12
2018-07-30 18:56:10,000770D8F5,K12
2018-07-30 18:56:21,000770D8F5,K12
2018-07-30 18:56:32,000770D8F5,K12
2018-07-30 19:04:07,000770D8F5,K12
2018-07-30 19:04:18,000770D8F5,K12
2018-07-30 19:04:40,000770D8F5,K12
2018-07-30 19:05:05,000770D8F5,K12
2018-07-30 19:05:43,000770D8F5,K12
2018-07-30 19:05:55,000770D8F5,K12
2018-07-30 19:06:06,000770D8F5,K12
2018-07-30 19:06:17,000770D8F5,K12
2018-07-30 19:06:28,000770D8F5,K12
2018-07-30 19:06:39,000770D8F5,K12
2018-07-30 19:06:50,000770D8F5,K12
2018-07-30 19:07:01,000770D8F5,K12
2018-07-30 19:07:12,000770D8F5,K12
2018-07-30 19:07:23,000770D8F5,K12
2018-07-30 19:07:34,000770D8F5,K12
2018-07-30 19:07:45,000770D8F5,K12
2018-07-30 19:07:56,000770D8F5,K12
2018-07-30 19:08:07,000770D8F5,K12
2018-07-30 19:08:18,000770D8F5,K12
2018-07-30 19:08:29,000770D8F5,K12
2018-07-30 19:08:40,000770D8F5,K12
2018-07-30 19:08:51,000770D8F5,K12
2018-07-30 19:09:02,000770D8F5,K12
2018-07-30 19:09:13,000770D8F5,K12
2018-07-30 19:09:24,000770D8F5,K12
2018-07-30 19:09:35,000770D8F5,K12
2018-07-30 19:09:46,000770D8F5,K12
2018-07-30 19:09:57,000770D8F5,K12
2018-07-30 19:10:08,000770D8F5,K12
2018-07-30 19:10:19,000770D8F5,K12
2018-07-30 19:10:30,000770D8F5,K12
2018-07-30 19:10:41,000770D8F5,K12
2018-07-30 19:10:52,000770D8F5,K12
2018-07-30 19:11:04,000770D8F5,K12
2018-07-30 19:11:15,000770D8F5,K12
2018-07-30 19:11:26,000770D8F5,K12
2018-07-30 19:11:37,000770D8F5,K12
2018-07-30 19:11:48,000770D8F5,K12
2018-07-30 19:11:59,000770D8F5,K12
2018-07-30 19:12:10,000770D8F5,K12
2018-07-30 19:12:21,000770D8F5,K12
2018-07-30 19:12:33,000770D8F5,K12
2018-07-30 19:12:44,000770D8F5,K12
2018-07-30 19:12:55,000770D8F5,K12
2018-07-30 19:13:06,000770D8F5,K12
2018-07-30 19:13:17,000770D8F5,K12
2018-07-30 19:13:28,000770D8F5,K12
2018-07-30 19:13:39,000770D8F5,K12
2018-07-30 19:13:50,000770D8F5,K12
2018-07-30 19:14:01,000770D8F5,K12
2018-07-30 19:14:12,000770D8F5,K12
2018-07-30 19:14:23,000770D8F5,K12
2018-07-30 19:14:34,000770D8F5,K12
2018-07-30 19:14:45,000770D8F5,K12
2018-07-30 19:14:56,000770D8F5,K12
2018-07-30 19:15:07,000770D8F5,K12
2018-07-30 19:15:18,000770D8F5,K12
2018-07-30 19:15:29,000770D8F5,K12
2018-07-30 19:15:40,000770D8F5,K12
2018-07-30 19:15:51,000770D8F5,K12
2018-07-30 19:16:02,000770D8F5,K12
2018-07-30 19:16:13,000770D8F5,K12
2018-07-30 19:16:24,000770D8F5,K12
2018-07-30 19:16:35,000770D8F5,K12
2018-07-30 19:16:46,000770D8F5,K12
2018-07-30 19:16:58,000770D8F5,K12
2018-07-30 19:17:09,000770D8F5,K12
2018-07-30 19:17:21,000770D8F5,K12
2018-07-30 19:17:32,000770D8F5,K12
2018-07-30 19:17:44,000770D8F5,K12
2018-07-30 19:17:55,000770D8F5,K12
2018-07-30 19:18:06,000770D8F5,K12
2018-07-30 19:18:17,000770D8F5,K12
2018-07-30 19:18:28,000770D8F5,K12
2018-07-30 19:18:39,000770D8F5,K12
2018-07-30 19:18:50,000770D8F5,K12
2018-07-30 19:19:01,000770D8F5,K12
2018-07-30 19:19:12,000770D8F5,K12
2018-07-30 19:19:23,000770D8F5,K12
2018-07-30 19:19:34,000770D8F5,K12
2018-07-30 19:19:45,000770D8F5,K12
2018-07-30 19:19:56,000770D8F5,K12
2018-07-30 19:20:07,000770D8F5,K12
2018-07-30 19:20:18,000770D8F5,K12
2018-07-30 19:20:29,000770D8F5,K12
2018-07-30 19:20:40,000770D8F5,K12
2018-07-30 19:20:51,000770D8F5,K12
2018-07-30 19:21:02,000770D8F5,K12
2018-07-30 19:21:13,000770D8F5,K12
2018-07-30 19:21:24,000770D8F5,K12
2018-07-30 19:21:35,000770D8F5,K12
2018-07-30 19:21:46,000770D8F5,K12
2018-07-30 19:21:57,000770D8F5,K12
2018-07-30 19:22:08,000770D8F5,K12
2018-07-30 19:22:19,000770D8F5,K12
2018-07-30 19:22:31,000770D8F5,K12
2018-07-30 19:22:42,000770D8F5,K12
2018-07-30 19:22:54,000770D8F5,K12
2018-07-30 19:23:05,000770D8F5,K12
2018-07-30 20:53:26,000770D8F5,K12
2018-07-30 20:56:04,000770D8F5,K12
2018-07-30 20:56:15,000770D8F5,K12
2018-07-30 20:56:26,000770D8F5,K12
2018-07-30 20:56:37,000770D8F5,K12
2018-07-30 20:56:48,000770D8F5,K12
2018-07-30 21:14:26,00075D2562,K12
2018-07-30 21:17:13,00075D2562,K12
2018-07-30 21:19:45,00068E1A0D,K12
2018-07-30 21:20:20,00075D2562,K12
2018-07-30 21:21:05,00075D1338,K12
2018-07-30 21:21:11,00075D8712,K12
2018-07-30 21:21:13,0006B294D3,K12
2018-07-30 21:21:16,0006B2A1D2,K12
2018-07-30 21:21:18,000770FBF5,K12
2018-07-30 21:21:36,00074F0832,K12
2018-07-30 21:25:04,000770D8F5,K12
2018-07-31 05:19:01,00075D2562,K12
2018-07-31 05:19:07,0006B294D3,K12
2018-07-31 05:19:16,00075D110D,K12
2018-07-31 05:20:51,00074BE89B,K12
2018-07-31 05:21:27,00074BE89B,K12
2018-07-31 05:23:38,00075D110D,K12
2018-07-31 05:29:55,00074FA4F8,K12
2018-07-31 05:35:48,00075D110D,K12
2018-07-31 05:42:09,00068E1A0D,K12
2018-08-02 21:29:42,0007ABD6CC,K21
2018-08-02 21:30:56,00075D1338,K21
2018-08-02 21:31:21,0006B294D3,K21
2018-08-02 21:31:36,00075D1E39,K21
2018-08-02 21:32:08,00074F4107,K21
2018-08-02 21:33:16,00075D2562,K21
2018-08-02 21:33:18,00074F0832,K21
2018-08-02 21:33:27,00075D8712,K21
2018-08-02 21:33:44,0007AC4999,K21
2018-08-02 21:33:49,00074BE89B,K21
2018-08-02 21:33:55,000770FBF5,K21
2018-08-02 21:34:06,000786B5F7,K21
2018-08-02 21:34:21,00074F238E,K21
2018-08-02 21:34:25,00074FA4F8,K21
2018-08-02 21:35:09,000770ED72,K21
2018-08-02 21:36:01,0006B2A1D2,K21
2018-08-02 21:36:35,0007ABEDDE,K21
2018-08-02 21:38:17,0006B34FCA,K21
2018-08-02 21:38:29,00068E1A0D,K21
2018-08-02 21:38:33,0007AC0B43,K21
2018-08-02 21:38:59,0006B35440,K21
2018-08-02 21:39:08,0006B3A093,K21
2018-08-02 21:39:40,000770D8F5,K21
2018-08-02 21:40:07,0007ACA1CE,K21
2018-08-02 21:43:20,00075D110D,K21
2018-08-03 05:50:13,00068E1A0D,K21
2018-08-03 05:51:52,0006B34FCA,K21
2018-08-03 21:21:52,00068E1A0D,K21
2018-08-03 21:22:02,0006B34FCA,K21
2018-08-07 13:11:55,0007AC4999,K21
2018-08-07 13:12:06,0007AC4999,K21
2018-08-07 21:10:36,0007ACA1CE,K21
2018-08-07 21:11:32,0007AC4999,K21
2018-08-07 21:12:32,000786B5F7,K21
2018-08-07 21:13:47,00075D1338,K21
2018-08-07 21:14:22,000770FBF5,K21
2018-08-07 21:14:42,00068E1A0D,K21
2018-08-07 21:15:38,0006B3A093,K21
2018-08-07 21:16:10,00074F4107,K21
2018-08-07 21:18:03,0006B294D3,K21
2018-08-08 05:20:48,00075D1338,K21
2018-08-08 05:20:57,0006B294D3,K21
2018-08-08 05:21:12,00075D1E39,K21
2018-08-08 05:21:40,0007ACA1CE,K21
2018-08-08 05:22:26,00068E1A0D,K21
2018-08-08 05:25:06,0006B35440,K21
2018-08-08 05:25:13,00075D1E39,K21
2018-08-08 05:25:42,00075D8712,K21
2018-08-08 05:25:48,00075D2562,K21
2018-08-08 05:27:35,0006B3A093,K21
2018-08-08 05:31:31,00075D1E39,K21
2018-08-08 05:32:11,0007ABEDDE,K21
2018-08-08 05:33:15,00074F4107,K21
2018-08-08 05:33:20,0007AC4999,K21
2018-08-08 05:33:40,0007ABEDDE,K21
2018-08-08 05:38:41,00075D110D,K21
2018-08-08 05:39:18,000786B5F7,K21
2018-08-08 05:39:33,00075D8712,K21
2018-08-08 05:41:46,000770D8F5,K21
2018-08-08 05:42:40,0007ABEDDE,K21
2018-08-08 05:44:04,0007AC0B43,K21
2018-08-08 05:46:10,000770FBF5,K21
2018-08-08 05:47:58,00075D8712,K21
2018-08-08 11:25:25,000770D8F5,K21
2018-08-08 15:48:43,000770D8F5,K21
2018-08-08 15:48:54,000770D8F5,K21
2018-08-08 15:49:07,000770D8F5,K21
2018-08-08 15:49:18,000770D8F5,K21
2018-08-08 15:49:29,000770D8F5,K21
2018-08-08 15:49:40,000770D8F5,K21
2018-08-08 15:49:51,000770D8F5,K21
2018-08-08 15:50:02,000770D8F5,K21
2018-08-08 15:50:13,000770D8F5,K21
2018-08-08 15:50:24,000770D8F5,K21
2018-08-08 15:50:35,000770D8F5,K21
2018-08-08 15:50:46,000770D8F5,K21
2018-08-08 15:50:57,000770D8F5,K21
2018-08-08 15:51:08,000770D8F5,K21
2018-08-08 15:51:19,000770D8F5,K21
2018-08-08 15:51:30,000770D8F5,K21
2018-08-08 15:51:41,000770D8F5,K21
2018-08-08 15:51:52,000770D8F5,K21
2018-08-08 15:52:03,000770D8F5,K21
2018-08-08 15:52:14,000770D8F5,K21
2018-08-08 15:52:25,000770D8F5,K21
2018-08-08 15:52:36,000770D8F5,K21
2018-08-08 15:52:47,000770D8F5,K21
2018-08-08 15:52:58,000770D8F5,K21
2018-08-08 19:33:48,0007ACA1CE,K21
2018-08-08 19:33:59,0007ACA1CE,K21
2018-08-08 19:34:10,0007ACA1CE,K21
2018-08-08 19:34:25,0007ACA1CE,K21
2018-08-08 19:35:01,0007ACA1CE,K21
2018-08-08 19:35:12,0007ACA1CE,K21
2018-08-08 19:35:23,0007ACA1CE,K21
2018-08-08 19:35:34,0007ACA1CE,K21
2018-08-08 19:35:45,0007ACA1CE,K21
2018-08-08 19:36:00,0007ACA1CE,K21
2018-08-08 19:36:11,0007ACA1CE,K21
2018-08-08 19:36:22,0007ACA1CE,K21
2018-08-08 19:36:33,0007ACA1CE,K21
2018-08-08 19:36:44,0007ACA1CE,K21
2018-08-08 19:36:55,0007ACA1CE,K21
2018-08-08 19:37:06,0007ACA1CE,K21
2018-08-08 19:37:17,0007ACA1CE,K21
2018-08-08 19:37:28,0007ACA1CE,K21
2018-08-08 19:37:39,0007ACA1CE,K21
2018-08-08 19:37:50,0007ACA1CE,K21
2018-08-08 19:38:01,0007ACA1CE,K21
2018-08-08 19:38:12,0007ACA1CE,K21
2018-08-08 19:38:27,0007ACA1CE,K21
2018-08-08 19:38:38,0007ACA1CE,K21
2018-08-08 19:38:49,0007ACA1CE,K21
2018-08-08 19:39:01,0007ACA1CE,K21
2018-08-08 19:39:17,0007ACA1CE,K21
2018-08-08 19:39:29,0007ACA1CE,K21
2018-08-08 19:39:40,0007ACA1CE,K21
2018-08-08 19:39:51,0007ACA1CE,K21
2018-08-08 19:40:02,0007ACA1CE,K21
2018-08-08 19:40:13,0007ACA1CE,K21
2018-08-08 19:40:24,0007ACA1CE,K21
2018-08-08 19:40:35,0007ACA1CE,K21
2018-08-08 19:40:46,0007ACA1CE,K21
2018-08-08 19:40:57,0007ACA1CE,K21
2018-08-08 19:41:08,0007ACA1CE,K21
2018-08-08 19:41:20,0007ACA1CE,K21
2018-08-08 19:41:42,0007ACA1CE,K21
2018-08-08 19:41:53,0007ACA1CE,K21
2018-08-08 19:42:04,0007ACA1CE,K21
2018-08-08 19:42:15,0007ACA1CE,K21
2018-08-08 19:42:27,0007ACA1CE,K21
2018-08-08 19:42:38,0007ACA1CE,K21
2018-08-08 19:42:49,0007ACA1CE,K21
2018-08-08 19:43:00,0007ACA1CE,K21
2018-08-08 19:43:11,0007ACA1CE,K21
2018-08-08 19:43:22,0007ACA1CE,K21
2018-08-08 20:53:23,0007AC4999,K21
2018-08-08 20:55:52,0007AC4999,K21
2018-08-08 21:00:22,0007ACA1CE,K21
2018-08-08 21:04:31,00075D1338,K21
2018-08-08 21:05:12,00074F4107,K21
2018-08-08 21:05:23,00075D1E39,K21
2018-08-08 21:05:39,000770FBF5,K21
2018-08-08 21:06:08,00068E1A0D,K21
2018-08-08 21:06:53,0006B35440,K21
2018-08-08 21:07:28,00075D2562,K21
2018-08-08 21:07:50,000770D8F5,K21
2018-08-08 21:08:00,0007AC0B43,K21
2018-08-08 21:08:17,0007ABEDDE,K21
2018-08-08 21:09:30,000786B5F7,K21
2018-08-08 21:11:24,0006B294D3,K21
2018-08-08 21:13:27,00075D8712,K21
2018-08-08 21:15:30,0006B3A093,K21
2018-08-09 05:15:32,0006B3A093,K21
2018-08-09 05:16:13,00074F4107,K21
2018-08-09 05:16:31,0006B35440,K21
2018-08-09 05:16:38,00075D8712,K21
2018-08-09 05:16:43,0007AC4999,K21
2018-08-09 05:16:45,00075D110D,K21
2018-08-09 05:16:52,00068E1A0D,K21
2018-08-09 05:17:14,00075D1338,K21
2018-08-09 05:18:25,00075D1E39,K21
2018-08-09 05:18:38,0006B294D3,K21
2018-08-09 05:19:09,0007AC4999,K21
2018-08-09 05:22:55,0007AC4999,K21
2018-08-09 05:25:51,0006B2A1D2,K21
2018-08-09 05:26:10,00075D2562,K21
2018-08-09 05:32:49,00074FA4F8,K21
2018-08-09 05:33:12,0007AC0B43,K21
2018-08-09 05:35:32,0007ABEDDE,K21
2018-08-09 05:38:00,000770FBF5,K21
2018-08-09 05:40:05,000786B5F7,K21
2018-08-09 05:48:27,0007ACA1CE,K21
2018-08-09 12:00:32,0007AC4999,K21
2018-08-09 12:00:43,0007AC4999,K21
2018-08-09 12:00:55,0007AC4999,K21
2018-08-09 12:01:06,0007AC4999,K21
2018-08-09 12:01:17,0007AC4999,K21
2018-08-09 12:12:25,0007AC4999,K21
2018-08-09 12:14:31,0007ABEDDE,K21
2018-08-09 12:14:42,0007ABEDDE,K21
2018-08-09 12:15:25,0007ABEDDE,K21
2018-08-09 12:15:36,0007ABEDDE,K21
2018-08-09 14:20:34,0007AC0B43,K21
2018-08-09 14:20:45,0007AC0B43,K21
2018-08-09 16:16:00,0007AC0B43,K21
2018-08-09 16:16:12,0007AC0B43,K21
2018-08-09 16:16:23,0007AC0B43,K21
2018-08-09 16:16:34,0007AC0B43,K21
2018-08-09 16:16:46,0007AC0B43,K21
2018-08-09 16:16:57,0007AC0B43,K21
2018-08-09 16:17:13,0007AC0B43,K21
2018-08-09 16:17:24,0007AC0B43,K21
2018-08-09 16:17:35,0007AC0B43,K21
2018-08-09 16:17:46,0007AC0B43,K21
2018-08-09 16:17:57,0007AC0B43,K21
2018-08-09 16:18:08,0007AC0B43,K21
2018-08-09 16:18:19,0007AC0B43,K21
2018-08-09 16:18:31,0007AC0B43,K21
2018-08-09 16:18:42,0007AC0B43,K21
2018-08-09 16:18:53,0007AC0B43,K21
2018-08-09 16:19:04,0007AC0B43,K21
2018-08-09 16:19:43,0007AC0B43,K21
2018-08-09 16:20:00,0007AC0B43,K21
2018-08-09 16:20:15,0007AC0B43,K21
2018-08-09 16:20:38,0007AC0B43,K21
2018-08-09 16:20:49,0007AC0B43,K21
2018-08-09 16:21:08,0007AC0B43,K21
2018-08-09 16:21:19,0007AC0B43,K21
2018-08-09 16:21:30,0007AC0B43,K21
2018-08-09 16:21:41,0007AC0B43,K21
2018-08-09 16:21:52,0007AC0B43,K21
2018-08-09 16:22:03,0007AC0B43,K21
2018-08-09 16:26:59,0007AC0B43,K21
2018-08-09 16:44:19,0007ACA1CE,K21
2018-08-09 16:44:30,0007ACA1CE,K21
2018-08-09 16:44:53,0007ACA1CE,K21
2018-08-09 16:45:04,0007ACA1CE,K21
2018-08-09 16:45:15,0007ACA1CE,K21
2018-08-09 16:45:26,0007ACA1CE,K21
2018-08-09 16:45:37,0007ACA1CE,K21
2018-08-09 16:45:48,0007ACA1CE,K21
2018-08-09 16:45:59,0007ACA1CE,K21
2018-08-09 16:46:12,0007ACA1CE,K21
2018-08-09 16:46:28,0007ACA1CE,K21
2018-08-09 16:46:39,0007ACA1CE,K21
2018-08-09 16:46:50,0007ACA1CE,K21
2018-08-09 16:48:10,0007ACA1CE,K21
2018-08-09 16:48:21,0007ACA1CE,K21
2018-08-09 16:48:32,0007ACA1CE,K21
2018-08-09 16:48:43,0007ACA1CE,K21
2018-08-09 16:48:54,0007ACA1CE,K21
2018-08-09 16:49:05,0007ACA1CE,K21
2018-08-09 16:49:16,0007ACA1CE,K21
2018-08-09 16:49:27,0007ACA1CE,K21
2018-08-09 16:49:38,0007ACA1CE,K21
2018-08-09 16:49:49,0007ACA1CE,K21
2018-08-09 16:50:00,0007ACA1CE,K21
2018-08-09 16:50:11,0007ACA1CE,K21
2018-08-09 16:50:22,0007ACA1CE,K21
2018-08-09 16:50:33,0007ACA1CE,K21
2018-08-09 16:50:44,0007ACA1CE,K21
2018-08-09 16:50:55,0007ACA1CE,K21
2018-08-09 16:51:06,0007ACA1CE,K21
2018-08-09 16:51:17,0007ACA1CE,K21
2018-08-09 16:51:28,0007ACA1CE,K21
2018-08-09 16:51:39,0007ACA1CE,K21
2018-08-09 16:51:50,0007ACA1CE,K21
2018-08-09 16:52:01,0007ACA1CE,K21
2018-08-09 16:52:12,0007ACA1CE,K21
2018-08-09 16:52:23,0007ACA1CE,K21
2018-08-09 16:52:34,0007ACA1CE,K21
2018-08-09 16:52:47,0007ACA1CE,K21
2018-08-09 16:54:24,0007ACA1CE,K21
2018-08-09 16:54:35,0007ACA1CE,K21
2018-08-09 16:55:29,0007ACA1CE,K21
2018-08-09 16:55:40,0007ACA1CE,K21
2018-08-09 16:55:51,0007ACA1CE,K21
2018-08-09 16:57:28,0007ACA1CE,K21
2018-08-09 16:57:40,0007ACA1CE,K21
2018-08-09 16:57:51,0007ACA1CE,K21
2018-08-09 16:58:02,0007ACA1CE,K21
2018-08-09 16:58:13,0007ACA1CE,K21
2018-08-09 16:58:24,0007ACA1CE,K21
2018-08-09 16:58:35,0007ACA1CE,K21
2018-08-09 16:58:46,0007ACA1CE,K21
2018-08-09 16:58:57,0007ACA1CE,K21
2018-08-09 16:59:08,0007ACA1CE,K21
2018-08-09 16:59:19,0007ACA1CE,K21
2018-08-09 16:59:30,0007ACA1CE,K21
2018-08-09 16:59:41,0007ACA1CE,K21
2018-08-09 16:59:52,0007ACA1CE,K21
2018-08-09 17:00:03,0007ACA1CE,K21
2018-08-09 17:00:14,0007ACA1CE,K21
2018-08-09 17:00:25,0007ACA1CE,K21
2018-08-09 17:00:36,0007ACA1CE,K21
2018-08-09 17:00:47,0007ACA1CE,K21
2018-08-09 17:00:58,0007ACA1CE,K21
2018-08-09 17:01:09,0007ACA1CE,K21
2018-08-09 17:01:20,0007ACA1CE,K21
2018-08-09 17:01:32,0007ACA1CE,K21
2018-08-09 17:01:43,0007ACA1CE,K21
2018-08-09 17:01:54,0007ACA1CE,K21
2018-08-09 17:02:05,0007ACA1CE,K21
2018-08-09 17:02:17,0007ACA1CE,K21
2018-08-09 17:02:37,0007ACA1CE,K21
2018-08-09 17:02:48,0007ACA1CE,K21
2018-08-09 17:02:59,0007ACA1CE,K21
2018-08-09 17:03:20,0007ACA1CE,K21
2018-08-09 17:03:31,0007ACA1CE,K21
2018-08-09 17:04:35,0007ACA1CE,K21
2018-08-09 17:04:48,0007ACA1CE,K21
2018-08-09 17:05:19,0007ACA1CE,K21
2018-08-09 17:06:44,0007ACA1CE,K21
2018-08-09 17:06:55,0007ACA1CE,K21
2018-08-09 17:07:06,0007ACA1CE,K21
2018-08-09 17:07:17,0007ACA1CE,K21
2018-08-09 17:07:28,0007ACA1CE,K21
2018-08-09 17:07:39,0007ACA1CE,K21
2018-08-09 17:07:50,0007ACA1CE,K21
2018-08-09 17:08:01,0007ACA1CE,K21
2018-08-09 17:08:12,0007ACA1CE,K21
2018-08-09 17:08:23,0007ACA1CE,K21
2018-08-09 17:08:34,0007ACA1CE,K21
2018-08-09 17:08:45,0007ACA1CE,K21
2018-08-09 17:08:56,0007ACA1CE,K21
2018-08-09 17:09:34,0007ACA1CE,K21
2018-08-09 17:09:45,0007ACA1CE,K21
2018-08-09 17:09:56,0007ACA1CE,K21
2018-08-09 17:10:07,0007ACA1CE,K21
2018-08-09 17:10:18,0007ACA1CE,K21
2018-08-09 17:10:29,0007ACA1CE,K21
2018-08-09 17:10:40,0007ACA1CE,K21
2018-08-09 17:10:51,0007ACA1CE,K21
2018-08-09 17:11:02,0007ACA1CE,K21
2018-08-09 17:11:13,0007ACA1CE,K21
2018-08-09 17:11:24,0007ACA1CE,K21
2018-08-09 21:19:20,00075D2562,K21
2018-08-09 21:20:13,0007AC4999,K21
2018-08-09 21:23:03,0007ABEDDE,K21
2018-08-09 21:23:26,0007ABEDDE,K21
2018-08-09 21:24:02,0007ACA1CE,K21
2018-08-09 21:24:23,00075D1E39,K21
2018-08-09 21:24:49,0006B2A1D2,K21
2018-08-09 21:24:58,000786B5F7,K21
2018-08-09 21:25:40,0007AC0B43,K21
2018-08-09 21:26:31,000770FBF5,K21
2018-08-09 21:26:40,00075D8712,K21
2018-08-09 21:26:41,0006B35440,K21
2018-08-09 21:26:45,0006B294D3,K21
2018-08-09 21:27:19,00074FA4F8,K21
2018-08-09 21:27:49,00068E1A0D,K21
2018-08-09 21:29:35,00074F4107,K21
2018-08-09 21:29:41,0006B3A093,K21
2018-08-09 21:30:28,00075D1338,K21
2018-08-09 21:30:36,00075D110D,K21
2018-08-10 05:10:56,00075D1338,K21
2018-08-10 05:11:50,00074BE89B,K21
2018-08-10 05:12:26,00074FA4F8,K21
2018-08-10 05:12:31,00074BE89B,K21
2018-08-10 05:12:36,00075D1338,K21
2018-08-10 05:13:00,00075D1338,K21
2018-08-10 05:13:25,000786B5F7,K21
2018-08-10 05:13:51,00075D1338,K21
2018-08-10 05:14:09,00075D2562,K21
2018-08-10 05:14:17,00074F4107,K21
2018-08-10 05:14:29,00075D1338,K21
2018-08-10 05:14:32,00075D1E39,K21
2018-08-10 05:14:56,0006B35440,K21
2018-08-10 05:15:00,0006B294D3,K21
2018-08-10 05:15:03,0007ABD6CC,K21
2018-08-10 05:16:04,0006B3A093,K21
2018-08-10 05:16:17,000770D8F5,K21
2018-08-10 05:18:06,00075D110D,K21
2018-08-10 05:18:19,00074F238E,K21
2018-08-10 05:18:37,0007ABEDDE,K21
2018-08-10 05:19:05,000770ED72,K21
2018-08-10 05:19:23,00068E1A0D,K21
2018-08-10 05:19:46,0006B2A1D2,K21
2018-08-10 05:19:54,00074BE89B,K21
2018-08-10 05:25:36,000770FBF5,K21
2018-08-10 05:26:31,0007AC4999,K21
2018-08-10 05:26:51,0007AC0B43,K21
2018-08-10 05:27:01,0007ACA1CE,K21
2018-08-10 05:27:28,00075D8712,K21
2018-08-11 21:23:46,000770FBF5,K21
2018-08-11 21:25:15,00074F0832,K21
2018-08-11 21:25:25,0007ACA1CE,K21
2018-08-11 21:27:03,0007AC4999,K21
2018-08-11 21:27:29,0007ABD6CC,K21
2018-08-11 21:27:49,00074F238E,K21
2018-08-11 21:28:53,00074F4107,K21
2018-08-11 21:29:14,00075D1E39,K21
2018-08-11 21:29:29,00075D8712,K21
2018-08-11 21:29:34,0007ABEDDE,K21
2018-08-11 21:29:39,00074FA4F8,K21
2018-08-11 21:30:18,0007AC0B43,K21
2018-08-11 21:31:22,0006B2A1D2,K21
2018-08-11 21:31:32,00074BE89B,K21
2018-08-11 21:31:48,000786B5F7,K21
2018-08-11 21:32:55,000770ED72,K21
2018-08-11 21:33:00,000770D8F5,K21
2018-08-11 21:33:30,00075D1338,K21
2018-08-11 21:33:33,0006B3A093,K21
2018-08-11 21:34:49,00075D2562,K21
2018-08-11 21:35:09,0006B294D3,K21
2018-08-11 21:35:39,00075D110D,K21
2018-08-12 02:25:54,00075D1338,K21
2018-08-12 02:26:09,00074F4107,K21
2018-08-12 02:31:29,00074FA4F8,K21
2018-08-12 02:42:18,00074F4107,K21
2018-08-12 02:42:34,00075D1338,K21
2018-08-12 02:42:43,00074FA4F8,K21
2018-08-12 03:11:08,00074F4107,K21
2018-08-12 03:11:57,00074F4107,K21
2018-08-12 03:13:16,00074F4107,K21
2018-08-12 03:13:22,00075D1E39,K21
2018-08-12 03:13:31,0007ABEDDE,K21
2018-08-12 03:15:45,0007ABEDDE,K21
2018-08-12 03:16:02,00074F4107,K21
2018-08-12 03:16:04,00075D1E39,K21
2018-08-12 04:08:09,00075D1338,K21
2018-08-12 04:12:51,0006B294D3,K21
2018-08-12 04:44:12,00074F0832,K21
2018-08-12 04:51:17,000770FBF5,K21
2018-08-12 04:52:27,00074F4107,K21
2018-08-12 04:54:09,0006B35440,K21
2018-08-12 04:58:17,00075D1338,K21
2018-08-12 04:58:38,00075D1338,K21
2018-08-12 05:02:15,00075D1E39,K21
2018-08-12 05:07:14,00075D8712,K21
2018-08-12 05:07:35,00075D2562,K21
2018-08-12 05:10:11,00074FA4F8,K21
2018-08-12 05:11:20,00068E1A0D,K21
2018-08-12 05:11:28,0007ABD6CC,K21
2018-08-12 05:11:59,00074F238E,K21
2018-08-12 05:12:49,000770D8F5,K21
2018-08-12 05:14:39,000786B5F7,K21
2018-08-12 05:16:04,0007AC4999,K21
2018-08-12 05:16:37,0006B2A1D2,K21
2018-08-12 05:17:07,0006B3A093,K21
2018-08-12 05:20:02,0007ACA1CE,K21
2018-08-12 05:20:14,0007AC0B43,K21
2018-08-12 05:21:39,000770ED72,K21
2018-08-12 05:24:50,00075D110D,K21
2018-08-12 05:28:31,0007ABEDDE,K21
2018-08-12 05:29:36,0007ABEDDE,K21
2018-08-12 05:30:07,0007ABEDDE,K21
2018-08-12 13:47:14,000770D8F5,K21
2018-08-12 21:12:03,0006B294D3,K21
2018-08-12 21:12:40,00074FA4F8,K21
2018-08-12 21:14:28,00075D1338,K21
2018-08-12 21:14:43,00074F4107,K21
2018-08-12 21:15:19,0007ACA1CE,K21
2018-08-12 21:16:11,0007ABD6CC,K21
2018-08-12 21:16:17,0006B2A1D2,K21
2018-08-12 21:16:37,00075D110D,K21
2018-08-12 21:16:42,00068E1A0D,K21
2018-08-12 21:16:57,00075D1E39,K21
2018-08-12 21:17:20,00074F238E,K21
2018-08-12 21:18:04,000770D8F5,K21
2018-08-12 21:18:15,0006B35440,K21
2018-08-12 21:18:53,0007ABEDDE,K21
2018-08-12 21:19:45,00075D2562,K21
2018-08-12 21:19:47,0007AC0B43,K21
2018-08-12 21:20:02,00075D8712,K21
2018-08-12 21:20:12,000770FBF5,K21
2018-08-12 21:21:21,0007AC4999,K21
2018-08-12 21:22:52,0006B3A093,K21
2018-08-12 21:25:14,000770ED72,K21
2018-08-13 05:01:51,00075D1338,K21
2018-08-13 05:02:45,00074F4107,K21
2018-08-13 05:05:55,0006B35440,K21
2018-08-13 05:08:09,00075D1E39,K21
2018-08-13 05:08:26,000770D8F5,K21
2018-08-13 05:10:09,00074FA4F8,K21
2018-08-13 05:15:02,00068E1A0D,K21
2018-08-13 05:16:29,0006B294D3,K21
2018-08-13 05:16:59,000770FBF5,K21
2018-08-13 05:17:17,00074F0832,K21
2018-08-13 05:18:01,00075D2562,K21
2018-08-13 05:19:06,00074F238E,K21
2018-08-13 05:19:32,0007ABEDDE,K21
2018-08-13 05:25:07,000786B5F7,K21
2018-08-13 05:26:16,0006B2A1D2,K21
2018-08-13 05:29:55,0006B3A093,K21
2018-08-13 05:30:30,00075D110D,K21
2018-08-13 05:31:30,0007AC4999,K21
2018-08-13 05:36:49,00075D8712,K21
2018-08-13 05:36:57,0007ACA1CE,K21
2018-08-13 05:38:09,0007AC0B43,K21
2018-08-13 21:22:09,00074F0832,K21
2018-08-13 21:30:11,0006B2A1D2,K21
2018-08-13 21:30:17,00074F238E,K21
2018-08-13 21:31:43,0007ABEDDE,K21
2018-08-13 21:32:02,00075D1E39,K21
2018-08-13 21:32:10,00074FA4F8,K21
2018-08-13 21:32:16,00068E1A0D,K21
2018-08-13 21:32:22,0007ACA1CE,K21
2018-08-13 21:33:08,000770FBF5,K21
2018-08-13 21:34:53,000770D8F5,K21
2018-08-13 21:35:59,0007AC4999,K21
2018-08-13 21:36:24,0007AC0B43,K21
2018-08-13 21:36:28,000786B5F7,K21
2018-08-13 21:36:35,00075D110D,K21
2018-08-13 21:36:56,0006B35440,K21
2018-08-13 21:37:14,0006B3A093,K21
2018-08-13 21:38:41,00075D2562,K21
2018-08-13 21:38:56,00074F4107,K21
2018-08-13 21:45:02,00075D8712,K21
2018-08-13 21:48:24,0006B294D3,K21
2018-08-13 21:48:32,00075D1338,K21
2018-08-14 04:53:23,00075D1338,K21
2018-08-14 04:55:04,00075D1338,K21
2018-08-15 21:07:05,00074FA4F8,K235
2018-08-15 21:07:18,0007AC4999,K235
2018-08-15 21:09:29,000786B5F7,K235
2018-08-15 21:09:37,00068E1A0D,K235
2018-08-15 21:10:31,00074F4107,K235
2018-08-15 21:10:44,000770ED72,K235
2018-08-15 21:10:46,00074F0832,K235
2018-08-15 21:10:55,0007ABD6CC,K235
2018-08-15 21:13:25,000770FBF5,K235
2018-08-15 21:13:39,00074BE89B,K235
2018-08-15 21:13:57,0007ABEDDE,K235
2018-08-15 21:14:08,00074F238E,K235
2018-08-15 21:14:50,0006B35440,K235
2018-08-15 21:14:54,00075D2562,K235
2018-08-15 21:15:26,0006B2A1D2,K235
2018-08-15 21:15:47,00075D1E39,K235
2018-08-15 21:17:29,0007AC0B43,K235
2018-08-15 21:17:58,000770D8F5,K235
2018-08-15 21:20:30,0007ACA1CE,K235
2018-08-15 21:22:59,0006B294D3,K235
2018-08-15 21:23:01,00075D8712,K235
2018-08-15 21:23:04,00075D110D,K235
2018-08-15 21:23:24,0006B3A093,K235
2018-08-15 21:25:50,00075D1338,K235
2018-08-16 20:55:19,0006B2A1D2,K16
2018-08-16 21:00:09,00075D1E39,K16
2018-08-16 21:00:18,00074F4107,K16
2018-08-16 21:00:51,0007AC4999,K16
2018-08-16 21:02:47,00075D8712,K16
2018-08-16 21:03:15,000770FBF5,K16
2018-08-16 21:03:30,00068E1A0D,K16
2018-08-16 21:03:52,0007AC0B43,K16
2018-08-16 21:03:54,0007ABEDDE,K16
2018-08-16 21:04:00,0006B294D3,K16
2018-08-16 21:04:01,00074FA4F8,K16
2018-08-16 21:04:03,0007ABD6CC,K16
2018-08-16 21:04:17,00075D110D,K16
2018-08-16 21:04:27,0007ACA1CE,K16
2018-08-16 21:04:37,000770D8F5,K16
2018-08-16 21:04:48,000786B5F7,K16
2018-08-16 21:04:55,000770ED72,K16
2018-08-16 21:06:26,00075D2562,K16
2018-08-16 21:07:54,0006B3A093,K16
2018-08-16 21:07:59,00075D1338,K16
2018-08-17 05:35:40,0007AC4999,K16
2018-08-17 05:35:46,0007ABEDDE,K16
2018-08-17 05:35:54,00075D110D,K16
2018-08-17 05:36:04,0007ACA1CE,K16
2018-08-17 05:36:53,0007AC0B43,K16
2018-08-17 05:40:46,00075D2562,K16
2018-08-17 05:40:51,00074F4107,K16
2018-08-17 05:42:28,000786B5F7,K16
2018-08-17 05:46:49,0006B35440,K16
2018-08-17 20:51:35,000770FBF5,K16
2018-08-17 20:52:48,000770FBF5,K16
2018-08-17 20:53:18,0006B2A1D2,K16
2018-08-17 20:54:24,0007AC4999,K16
2018-08-17 20:54:33,000786B5F7,K16
2018-08-17 20:56:15,00074F4107,K16
2018-08-17 20:56:37,00074FA4F8,K16
2018-08-17 20:57:15,00068E1A0D,K16
2018-08-17 20:57:56,0007ABEDDE,K16
2018-08-17 20:59:17,0006B294D3,K16
2018-08-17 21:00:55,0007AC0B43,K16
2018-08-17 21:01:01,00075D8712,K16
2018-08-17 21:01:52,0006B3A093,K16
2018-08-17 21:02:00,0006B35440,K16
2018-08-17 21:02:51,00075D2562,K16
2018-08-17 21:03:21,00075D110D,K16
2018-08-17 21:03:25,0007ACA1CE,K16
2018-08-21 20:45:28,00075D8712,K231
2018-08-21 20:47:35,0006B35440,K231
2018-08-21 20:47:50,00074F4107,K231
2018-08-21 20:48:01,00074F4107,K231
2018-08-21 20:48:11,0007AC4999,K231
2018-08-21 20:48:25,0006B35440,K231
2018-08-21 20:48:37,000770FBF5,K231
2018-08-21 20:50:14,0006B2A1D2,K231
2018-08-21 20:50:44,00075D2562,K231
2018-08-21 20:52:04,00068E1A0D,K231
2018-08-21 20:52:08,00074F238E,K231
2018-08-21 20:53:33,0007ABEDDE,K231
2018-08-22 05:31:48,0006B2A1D2,K231
2018-08-22 05:33:06,000770D8F5,K231
2018-08-22 05:34:40,0006B35440,K231
2018-08-22 05:34:47,0007AC4999,K231
2018-08-22 05:36:58,00075D1E39,K231
2018-08-22 05:42:33,00075D2562,K231
2018-08-22 05:42:39,00075D1338,K231
2018-08-22 05:43:10,0007ACA1CE,K231
2018-08-22 05:45:15,0007AC4999,K231
2018-08-22 05:45:53,00075D1338,K231
2018-08-22 05:46:19,00075D1338,K231
2018-08-22 05:47:42,0007ACA1CE,K231
2018-08-22 05:48:15,00075D110D,K231
2018-08-22 05:48:19,0007AC4999,K231
2018-08-22 05:48:36,0007ABEDDE,K231
2018-08-22 05:49:37,0007ACA1CE,K231
2018-08-22 18:30:41,0007ACA1CE,K231
2018-08-22 18:30:52,0007ACA1CE,K231
2018-08-22 20:42:21,00075D1E39,K231
2018-08-22 20:42:30,0006B2A1D2,K231
2018-08-22 20:42:33,00075D1E39,K231
2018-08-22 20:42:35,00075D2562,K231
2018-08-22 20:42:44,00075D1E39,K231
2018-08-22 20:43:14,0006B35440,K231
2018-08-22 20:44:10,00074F238E,K231
2018-08-22 20:45:35,0007AC4999,K231
2018-08-22 20:45:46,0007ABEDDE,K231
2018-08-22 20:45:50,00074F4107,K231
2018-08-22 20:47:17,00075D8712,K231
2018-08-22 20:49:54,000770D8F5,K231
2018-08-22 20:51:30,0007ACA1CE,K231
2018-08-22 20:52:35,00075D1338,K231
2018-08-22 20:54:14,00075D110D,K231
2018-08-24 20:47:18,0007ACA1CE,K231
2018-08-24 20:51:33,000786B5F7,K231
2018-08-24 20:53:22,0007ABEDDE,K231
2018-08-24 20:53:41,0007AC4999,K231
2018-08-24 20:55:01,00074F238E,K231
2018-08-24 20:55:26,00075D110D,K231
2018-08-24 20:55:38,000770ED72,K231
2018-08-24 20:55:50,00068E1A0D,K231
2018-08-24 20:56:25,0006B2A1D2,K231
2018-08-28 20:38:38,00075D1E39,K231
2018-08-28 20:40:21,0006B35440,K231
2018-08-28 20:42:10,00068E1A0D,K231
2018-08-28 20:42:42,000770FBF5,K231
2018-08-28 20:43:32,0006B2A1D2,K231
2018-08-28 20:43:36,0007ACA1CE,K231
2018-08-28 20:44:16,00075D2562,K231
2018-08-28 20:44:19,00075D8712,K231
2018-08-28 20:44:37,0007AC4999,K231
2018-08-28 20:44:43,000770ED72,K231
2018-08-28 20:46:57,00075D110D,K231
2018-08-29 05:37:14,0006B2A1D2,K231
2018-08-29 05:40:11,0007AC4999,K231
2018-08-29 05:41:21,000786B5F7,K231
2018-08-29 05:42:01,00075D1E39,K231
2018-08-29 05:42:51,000786B5F7,K231
2018-08-29 05:43:18,0007ACA1CE,K231
2018-08-29 05:43:46,00075D2562,K231
2018-08-29 05:45:02,000770D8F5,K231
2018-08-29 05:52:54,000770D8F5,K231
2018-08-29 05:53:08,000770D8F5,K231
2018-08-29 05:53:21,000770D8F5,K231
2018-08-29 05:53:32,000770D8F5,K231
2018-08-29 20:41:31,000770D8F5,K231
2018-08-29 20:41:43,0007ACA1CE,K231
2018-08-29 20:41:54,0007AC4999,K231
2018-08-29 20:41:57,000770ED72,K231
2018-08-29 20:43:55,0006B2A1D2,K231
2018-08-29 20:46:09,00075D2562,K231
